1.51360 27
1.64188 27
2.23620 27
2.28696 27
2.72312 27
2.76440 27
2.86908 27
2.94120 27
3.11092 27
3.22520 27
3.43004 27
3.50472 27
3.54396 27
3.62276 27
3.91944 27
3.99380 27
4.06760 46
4.17852 27
4.33632 27
4.34976 40
4.38688 27
4.43832 27
4.47292 27
4.57428 27
4.61116 27
4.72188 27
4.75132 27
4.79360 27
4.91340 27
4.92300 59
5.01168 27
5.03756 18
5.10596 43
5.12836 33
5.15844 27
5.16548 27
5.23892 27
5.28484 27
5.35388 27
5.47092 27
5.52668 27
5.53508 40
5.65448 27
5.69432 54
5.73956 27
5.76532 27
5.80896 27
5.95248 27
6.02916 5
6.09164 27
6.12656 27
6.19256 27
6.28144 27
6.31200 27
6.49260 27
6.50088 27
6.55648 27
6.57264 9
6.59192 27
6.68008 24
6.70468 27
6.77888 27
6.80644 12
6.81152 27
6.84984 15
6.85700 27
6.86860 18
6.94196 27
7.00352 3
7.03804 27
7.10500 27
7.12896 27
7.19224 27
7.23036 27
7.27728 27
7.31860 27
7.38576 27
7.39520 4
7.41824 42
7.42504 27
7.44060 5
7.53496 27
7.54128 27
7.55572 47
7.63204 27
7.64088 27
7.66400 44
7.67596 27
7.74384 43
7.75444 27
7.79716 27
7.80036 41
7.80864 27
7.85616 27
7.97432 34
7.98308 40
7.98576 27
7.99740 42
8.05420 43
8.07308 27
8.10228 37
8.10440 6
8.11472 27
8.14676 27
8.18068 49
8.18492 27
8.21772 27
8.24856 34
8.26232 27
8.31764 27
8.32084 50
8.35224 27
8.38920 27
8.39068 20
8.42532 43
8.42676 55
8.43100 27
8.47312 27
8.51836 57
8.54052 19
8.57168 27
8.60596 27
8.69456 27
8.75832 27
8.76500 27
8.81336 27
8.91060 42
8.94180 27
8.96368 15
9.00760 27
9.04320 27
9.05032 27
9.11500 27
9.12612 27
9.14828 43
9.19660 27
9.20584 16
9.22944 56
9.25852 27
9.28980 37
9.30400 27
9.33264 27
9.37348 27
9.44096 27
9.44700 47
9.50124 57
9.53840 38
9.56812 27
9.60324 27
9.60860 42
9.60892 53
9.63800 27
9.64476 27
9.69880 27
9.69932 6
9.75868 27
9.79472 27
9.82804 27
9.86972 27
9.90608 27
9.93884 27
9.94776 6
9.97452 27
10.05816 27
10.14196 27
10.15660 27
10.34072 27
10.38912 27
10.39356 33
10.42648 27
10.46124 27
10.51944 40
10.54088 27
10.58428 27
10.64792 27
10.67004 13
10.69196 27
10.82540 27
10.90872 18
10.93100 27
10.99640 27
11.07124 27
11.14068 27
11.19224 27
11.23896 27
11.27888 27
11.31856 27
11.39540 27
11.43684 27
11.50464 27
11.51068 21
11.55472 27
11.57272 27
11.62240 27
11.67876 27
11.72764 27
11.77320 27
11.78348 37
11.85308 27
11.86236 27
11.96132 27
11.97516 27
12.05480 27
12.08628 27
12.12080 27
12.13652 6
12.16220 27
12.19676 27
12.21132 21
12.21688 50
12.26900 27
12.33172 27
12.35848 27
12.44752 27
12.47972 27
12.51968 27
12.56836 27
12.59868 27
12.63772 27
12.67300 27
12.71268 27
12.75232 27
12.76432 27
12.79900 42
12.82648 46
12.83360 27
12.84328 37
12.84576 27
12.91348 27
13.00512 27
13.00960 1
13.01932 54
13.08020 27
13.09520 47
13.13204 27
13.14116 36
13.15644 22
13.18964 27
13.21548 34
13.23012 33
13.23536 27
13.29412 27
13.31688 5
13.38328 27
13.38504 13
13.40860 35
13.41648 27
13.45740 27
13.51488 27
13.51940 56
13.54020 49
13.55888 27
13.59752 32
13.69336 27
13.78780 9
13.79196 27
13.83932 27
13.87200 27
13.92548 27
13.96476 27
14.06784 27
14.11444 27
14.20176 42
14.28576 27
14.32916 27
14.36168 27
14.54504 3
14.55760 27
14.56664 42
14.62092 35
14.64240 27
14.73052 27
14.73132 2
14.76560 27
14.81700 57
14.88328 27
14.90892 0
14.91932 13
14.92612 27
14.98904 7
15.02412 27
15.04184 19
15.06228 10
15.08316 27
15.12620 27
15.19340 27
15.23916 27
15.25788 12
15.27852 27
15.32228 27
15.33372 58
15.35104 17
15.38712 35
15.45440 52
15.45480 27
15.49592 27
15.57528 27
15.63628 22
15.64740 27
15.68268 27
15.69484 27
15.78904 31
15.80568 27
15.85516 27
15.88728 9
15.89668 27
15.98052 49
15.98200 27
15.99228 59
16.02740 27
16.03432 46
16.32476 27
16.33056 37
16.37172 27
16.41404 27
16.48936 27
16.57712 27
16.57896 15
16.60828 18
16.70568 27
16.78640 27
16.84260 27
16.89024 27
16.89068 39
16.97168 27
16.99064 7
17.01240 27
17.05300 27
17.14276 27
17.18844 27
17.23604 27
17.28432 27
17.33720 27
17.34768 0
17.36320 45
17.37800 27
17.42504 27
17.50840 27
17.53224 10
17.56148 27
17.62932 10
17.70752 27
17.72792 27
17.79208 27
17.83448 27
17.85244 27
17.85696 7
17.90340 27
17.91484 27
17.95548 27
18.00036 27
18.05128 27
18.06488 9
18.12148 27
18.15476 27
18.20652 8
18.23416 27
18.27076 27
18.31976 27
18.35524 27
18.38356 51
18.43668 27
18.49228 43
18.52920 27
18.58564 27
18.69532 27
18.74064 27
18.76280 27
18.88912 27
18.93820 27
18.98020 2
19.03120 27
19.07336 27
19.12504 27
19.16644 27
19.19544 6
19.25676 27
19.30448 27
19.50976 27
19.55800 27
19.64032 11
19.68228 27
19.76200 27
19.80376 45
19.81632 27
19.85452 40
19.95972 27
19.98524 12
20.05672 27
20.06556 22
20.10200 15
20.12540 27
20.17416 27
20.24276 29
20.25376 58
20.38000 31
20.41012 27
20.54504 27
20.56432 27
20.62628 27
20.73536 38
20.74816 27
20.78188 27
20.82740 27
20.91016 27
20.97004 27
21.02640 27
21.12620 17
21.13664 7
21.15120 27
21.27096 27
21.33452 27
21.34568 12
21.37696 27
21.45108 27
21.48248 53
21.54616 27
21.59548 27
21.63264 27
21.70652 21
21.72012 27
21.80192 31
21.86396 27
21.91368 27
21.96756 27
22.03972 19
22.11180 27
22.15436 27
22.24508 27
22.36188 35
22.36828 35
22.37100 42
22.37188 27
22.39940 56
22.45204 13
22.49884 27
22.54960 27
22.58900 12
22.61208 4
22.63132 32
22.63992 47
22.67164 27
22.79172 27
22.82620 27
22.91820 27
22.96552 7
23.00872 27
23.07740 47
23.13616 57
23.17540 27
23.22576 50
23.31224 40
23.32768 27
23.35628 42
23.40944 27
23.43124 52
23.45936 1
23.57892 27
23.59980 27
23.62648 27
23.67328 27
23.89972 39
23.92072 55
23.92992 42
23.97028 27
24.01296 27
24.03312 42
24.11616 27
24.25692 27
24.29432 56
24.35208 27
24.37916 32
24.43780 27
24.52624 27
24.64848 12
24.64848 27
24.74756 27
24.79496 27
24.89328 27
24.90464 13
25.01748 29
25.06424 27
25.13584 48
25.17212 55
25.18784 41
25.21556 27
25.30256 12
25.38000 27
25.47528 2
25.58188 27
25.68284 27
25.98628 27
26.10396 27
26.10700 33
26.14812 5
26.15920 27
26.18176 23
26.26048 27
26.27592 4
26.27704 6
26.39692 5
26.51812 50
26.61436 31
26.65112 27
26.87424 27
26.97644 58
26.99668 27
27.06104 34
27.09952 52
27.10872 27
27.16820 35
27.18884 10
27.23944 53
27.24504 27
27.28284 36
27.30496 44
27.47000 42
27.56864 21
27.57644 57
27.82128 59
27.85036 27
27.91108 27
27.92708 45
28.07924 55
28.08680 27
28.10488 0
28.35656 19
28.42248 42
28.53668 42
28.63560 27
28.64672 46
28.69504 9
29.06352 5
29.16544 41
29.30864 22
29.62148 12
29.65552 6
29.99040 41
30.04644 53
30.07680 58
30.23100 1
30.39516 54
30.67260 16
30.68828 16
30.70492 15
30.76144 50
30.90724 58
30.95016 48
30.95132 9
30.95372 12
31.04832 5
31.33260 10
31.51020 50
31.62540 49
31.66684 6
31.84608 54
32.01520 34
32.06132 0
32.27700 35
32.36172 17
32.85484 39
33.17540 47
33.37892 23
33.64156 42
33.84428 29
34.09752 16
34.14724 59
34.21036 56
34.35788 1
34.53656 13
34.81060 11
34.81104 1
34.88628 47
34.88808 45
35.04032 37
35.07060 42
35.23768 55
35.36860 21
35.44032 41
35.59876 42
35.64304 47
35.69568 7
35.77372 34
35.78976 9
35.83644 47
36.00512 34
36.15328 17
36.19896 43
36.21780 12
36.32756 11
36.49184 40
36.76780 42
36.77724 10
36.89812 59
36.91628 44
37.00460 11
37.19988 24
37.30404 32
37.35788 0
37.74216 7
37.99416 0
38.14888 49
38.34472 24
38.48244 37
38.50408 13
38.82308 42
38.90200 52
38.99028 7
39.24176 50
39.70748 4
39.89944 57
39.90916 42
39.95464 42
40.21888 53
40.27724 24
40.41636 9
40.49468 37
40.52080 48
40.61152 41
40.64800 22
40.68084 33
40.95468 49
41.17612 2
41.50004 1
41.51280 56
41.69588 1
41.88140 55
41.93800 11
42.01384 41
42.22376 41
42.39176 57
42.48652 46
42.56696 10
42.61040 9
42.72100 27
42.93064 5
42.93600 36
43.00424 23
43.28376 13
43.45708 36
43.55572 23
43.88520 4
44.13832 20
44.23520 43
44.24204 59
44.59132 24
44.68068 49
44.78660 31
44.95016 38
45.12344 11
45.62100 40
45.90632 56
45.96068 13
45.98352 7
46.04292 56
46.48612 7
46.62856 11
46.71428 34
46.90080 49
46.92216 55
46.96820 32
47.15652 2
47.20640 34
47.28168 29
47.41060 3
47.45388 2
47.50104 29
47.56816 45
47.62232 10
47.67072 16
47.98364 3
47.98536 3
48.30760 41
48.54720 7
48.63688 5
48.68820 8
48.75136 55
48.81236 31
48.95192 42
49.10844 16
49.16388 53
49.52528 56
49.64136 42
49.68752 37
49.73296 34
49.82468 29
50.01664 40
50.33416 52
50.41900 33
50.86536 27
50.98764 21
50.98892 58
51.77364 20
51.79208 16
52.11896 42
52.28912 57
52.58532 29
52.74600 59
52.79408 22
53.40340 40
53.65764 42
54.03860 42
54.31968 43
54.33460 2
54.38592 52
54.59504 34
54.63308 57
55.05344 19
55.11608 42
55.66440 42
55.67180 16
55.69744 4
55.79028 18
55.96928 31
55.97224 54
56.14392 7
56.31776 12
56.35392 47
56.35784 7
56.48600 4
56.53140 54
56.83900 40
56.83952 9
56.89816 5
56.93584 13
57.22620 53
57.46540 27
57.98604 53
58.08832 35
58.34872 48
58.48688 46
59.14944 27
59.29220 24
59.34164 42
59.69420 48
59.76652 42
59.85380 7
59.96732 27
60.04404 29
60.16232 5
60.39056 43
60.41312 58
60.47252 22
60.53664 31
60.54836 16
60.83068 37
60.97168 27
61.07156 49
61.50428 27
61.60540 44
61.67156 20
61.76656 16
61.87960 56
61.98580 50
61.99360 45
62.00944 10
62.03740 35
62.24112 1
62.28780 40
62.53220 2
62.71692 44
62.91956 42
63.01112 27
63.06560 55
63.11616 51
63.22752 36
63.25940 53
63.33696 12
63.52000 2
63.64704 0
63.77884 19
63.85000 7
63.85824 27
64.11640 27
64.32460 47
64.40212 12
64.43200 44
64.81972 54
64.85860 27
64.95276 59
65.09048 52
65.11912 27
65.20136 9
65.29156 27
65.38524 59
65.46196 57
65.56680 31
65.56996 27
65.78204 6
65.85352 21
65.88680 27
66.25652 27
66.41868 27
66.59620 27
66.69420 27
66.77808 1
66.99164 27
67.22616 50
67.24816 46
67.39820 10
67.53292 27
67.76960 58
67.79880 27
67.80844 17
67.81160 27
67.88080 27
68.01604 27
68.15460 10
68.16748 2
68.26208 27
68.31916 40
68.34108 37
68.38972 27
68.45412 19
68.49244 31
68.61792 8
68.67500 27
68.78460 5
68.84016 29
68.91104 45
68.92880 27
69.05884 27
69.09156 11
69.17672 42
69.17704 42
69.28252 27
69.32956 42
69.53816 27
69.72308 27
69.80208 23
69.82200 27
69.84708 51
69.93256 13
70.00508 51
70.00580 27
70.14728 27
70.34772 27
70.44044 20
70.44904 43
70.54628 19
70.55108 27
70.60740 33
70.72600 27
70.75372 21
70.92780 27
70.93128 2
71.06576 1
71.09136 27
71.15284 15
71.22716 27
71.27588 29
71.32460 10
71.32524 45
71.33016 29
71.36140 29
71.42808 27
71.43028 18
71.53608 12
71.54580 2
71.56340 27
71.67212 38
71.71280 42
71.81360 27
71.94576 27
71.95408 6
72.26344 41
72.30244 27
72.42060 27
72.67656 27
72.75056 48
72.97720 11
73.02364 27
73.21996 27
73.31888 20
73.40552 27
73.59776 19
73.66528 27
73.78184 42
73.79080 50
73.83280 27
73.83372 27
73.84324 42
73.89656 2
73.91776 16
73.93684 27
73.99888 59
74.20676 48
74.21824 27
74.27252 52
74.30416 27
74.41552 2
74.43512 10
74.43904 27
74.53420 44
74.54760 42
74.56192 27
74.74128 27
74.74216 27
74.84768 27
74.97036 27
74.98244 31
75.09200 27
75.16072 44
75.20192 27
75.20288 51
75.35048 27
75.41324 18
75.46524 40
75.50784 41
75.54636 27
75.57120 15
75.62076 13
75.74576 48
75.75348 24
75.79412 27
75.85452 44
75.89316 11
75.90196 36
75.92004 27
75.98104 6
75.98960 43
75.98972 16
76.03952 33
76.09272 27
76.10276 42
76.18684 34
76.28956 42
76.34888 27
76.41644 27
76.62748 27
76.76788 27
76.82424 41
76.84464 44
76.92500 49
76.97972 27
77.01308 50
77.04580 27
77.20668 33
77.38764 27
77.48696 54
77.49376 34
77.55016 27
77.80868 27
77.90972 27
78.03968 21
78.10600 27
78.22344 17
78.34056 27
78.37160 52
78.42984 27
78.60708 9
78.64696 0
78.65816 27
78.68308 23
78.74088 12
78.78880 27
78.91568 27
79.01340 27
79.16076 27
79.19636 49
79.35080 27
79.47884 27
79.57324 27
79.60628 31
79.61776 7
79.62504 36
79.70444 2
79.70776 27
79.84180 27
79.91932 59
79.93160 12
79.97312 22
80.05396 4
80.14412 33
80.32896 27
80.34060 8
80.34988 56
80.35708 34
80.47356 27
80.55824 34
80.59388 27
80.63704 52
80.65044 27
80.76360 59
80.89012 33
80.91748 17
80.92904 27
81.00432 27
81.05700 17
81.07600 27
81.12872 46
81.14500 27
81.28268 27
81.28580 54
81.37988 27
81.50832 27
81.60568 17
81.63956 27
81.74780 27
81.74876 27
81.86756 56
81.88548 24
81.93620 27
82.03268 43
82.03984 27
82.28772 8
82.29832 3
82.35616 32
82.40312 27
82.43240 7
82.46136 16
82.59924 27
82.71208 27
82.72352 43
82.80488 59
82.85564 44
82.87888 2
82.89916 27
82.90000 27
83.08352 27
83.21144 27
83.33460 8
83.37248 27
83.38956 20
83.48100 27
83.57432 23
83.64792 9
83.65104 27
83.75400 11
83.76268 27
84.01764 27
84.04076 43
84.13752 3
84.14812 35
84.16348 27
84.21752 57
84.31888 52
84.45312 27
84.73768 27
84.92468 27
85.05488 27
85.16756 38
85.16808 10
85.24636 27
85.31316 27
85.55680 27
85.62216 49
85.74280 27
85.76688 21
85.87072 19
85.91688 27
85.93420 35
86.02400 19
86.02620 43
86.03548 27
86.04876 37
86.07796 42
86.13644 27
86.24772 27
86.34320 42
86.44172 27
86.45792 5
86.61320 47
86.61572 27
86.71808 42
86.78296 27
86.80684 21
86.87084 27
86.95920 9
87.04864 27
87.16940 27
87.21084 23
87.28484 32
87.36020 38
87.36228 27
87.43932 21
87.50452 27
87.70184 27
87.82052 27
87.87772 1
88.08260 27
88.14632 27
88.27544 27
88.34468 42
88.38068 23
88.48768 42
88.66128 27
88.67884 53
88.75556 27
88.79264 1
88.95148 27
89.01360 37
89.03648 58
89.07924 27
89.18516 11
89.25516 27
89.43436 27
89.48224 22
89.50728 56
89.57712 15
89.58772 27
89.61032 15
89.72124 27
89.83712 47
89.93320 27
90.01316 10
90.11360 27
90.27960 27
90.41260 38
90.57108 32
90.60428 27
90.67876 27
90.81092 27
90.86720 42
91.00308 27
91.13912 27
91.23888 51
91.38024 27
91.45248 2
91.51792 27
91.64468 27
91.72628 27
91.84692 27
91.90116 5
91.92456 40
91.99540 50
92.01568 0
92.12792 38
92.16644 27
92.25432 27
92.28568 49
92.36692 27
92.44720 19
92.50176 5
92.50664 27
92.55860 12
92.59156 36
92.62464 41
92.62804 45
92.64068 27
92.82320 58
92.91980 27
93.11216 13
93.12224 55
93.19468 27
93.24592 55
93.38108 27
93.43064 44
93.52656 27
93.60292 49
93.71844 27
93.75216 44
93.87740 27
94.08172 12
94.09064 34
94.12084 27
94.22372 27
94.41148 55
94.51312 54
94.52156 27
94.55044 42
94.70520 27
94.70744 59
94.84108 27
95.05360 35
95.08512 27
95.20068 27
95.53564 27
95.60836 27
95.60948 11
95.72692 27
95.80392 27
95.84172 2
95.84500 59
96.03480 48
96.12720 2
96.12764 32
96.14848 27
96.19572 31
96.21516 16
96.29084 27
96.38924 27
96.59024 27
96.61544 42
96.70532 27
96.71948 20
96.91256 27
96.92228 15
96.94196 41
97.03684 4
97.06944 52
97.10008 20
97.12492 37
97.17156 27
97.32172 27
97.33648 13
97.43732 12
97.49284 27
97.57216 44
97.68828 27
97.86556 27
97.88184 15
97.99436 27
98.07596 42
98.11172 27
98.16548 47
98.17908 44
98.20436 11
98.29972 27
98.48484 46
98.49804 27
98.61096 27
98.63696 56
98.65380 57
98.72696 27
98.92312 27
98.98692 27
99.16672 57
99.22372 27
99.28812 31
99.29292 27
99.42072 40
99.42672 50
99.44668 27
99.55340 56
99.61804 42
99.70012 27
99.76648 41
99.89284 3
99.91100 27
99.91320 35
100.09968 27
100.17804 27
100.38336 51
100.41612 47
100.41908 8
100.45112 27
100.59356 27
100.64148 17
100.72660 27
100.74464 33
100.76364 13
100.78744 57
100.79484 20
100.87956 37
100.90784 27
100.97752 27
101.17980 27
101.24320 56
101.35692 27
101.53676 27
101.59204 42
101.76944 27
101.86864 0
101.87468 27
101.98584 27
102.03560 35
102.10404 10
102.14824 27
102.30956 23
102.34244 27
102.39932 6
102.41112 21
102.68832 27
102.69228 52
102.75900 48
102.80344 32
102.80764 27
102.85968 27
102.93636 27
103.05064 27
103.12488 41
103.18020 27
103.26072 12
103.26532 47
103.32548 12
103.34312 57
103.36896 27
103.45896 45
103.50760 27
103.50836 27
103.51832 10
103.62180 27
103.63648 34
103.70380 2
103.75720 42
103.81064 27
103.98964 27
104.17976 27
104.34552 27
104.50340 27
104.52176 17
104.63284 27
104.66796 24
104.81856 27
104.83256 0
104.93224 27
105.04540 50
105.08508 27
105.15304 47
105.23344 23
105.26524 12
105.26772 36
105.29096 45
105.32636 27
105.35856 39
105.42380 27
105.59608 27
105.68036 27
105.74716 27
106.06252 4
106.12728 13
106.15168 27
106.22480 27
106.34160 23
106.43352 9
106.43860 27
106.58956 7
106.59336 29
106.61768 27
106.67052 57
106.69044 54
106.85208 5
106.85644 39
106.87372 2
106.94072 27
107.05084 32
107.08872 27
107.14788 18
107.29752 47
107.31344 12
107.32380 27
107.34448 10
107.40744 27
107.53160 45
107.76680 18
107.80640 27
107.95820 27
108.03384 33
108.09624 27
108.14296 20
108.19388 27
108.25364 1
108.27396 41
108.31320 27
108.45616 36
108.47944 56
108.52680 42
108.54976 43
108.56092 37
108.56552 27
108.60272 13
108.63612 11
108.66656 27
108.73116 27
108.74532 18
108.77688 31
108.86816 27
108.95296 11
109.06156 27
109.08400 41
109.30608 27
109.31808 21
109.36892 39
109.41912 27
109.55984 1
109.66632 40
109.70772 27
109.81052 59
109.87416 27
109.93592 27
110.04176 42
110.05544 27
110.25132 27
110.37520 27
110.38660 31
110.55356 27
110.63724 31
110.66588 27
110.77388 27
110.84488 13
110.91772 27
111.03276 27
111.16392 27
111.30720 51
111.44396 27
111.56324 41
111.56576 27
111.59124 42
111.67136 43
111.69572 27
111.69700 41
111.75712 43
111.77604 5
111.84516 27
111.87236 0
111.95552 42
112.00868 51
112.01524 21
112.14740 27
112.25436 27
112.29272 41
112.33784 49
112.41424 38
112.47460 16
112.52264 27
112.55132 3
112.57524 33
112.59232 27
112.63268 38
112.70120 40
112.73052 27
112.77244 13
112.82312 42
112.94584 1
112.95360 27
113.09560 27
113.18388 7
113.26316 29
113.30204 27
113.30588 46
113.38776 27
113.48124 17
113.51808 27
113.63788 27
113.64312 32
113.68308 8
113.80288 27
113.88340 27
114.27256 27
114.27776 2
114.35852 48
114.40952 27
114.52284 23
114.53560 39
114.56888 29
114.58204 2
114.62508 27
114.76496 18
114.81004 19
114.84752 56
114.86440 29
114.98788 27
115.20528 22
115.41748 27
115.47392 39
115.47828 35
115.64972 6
115.69384 27
115.72100 19
115.72200 35
115.75556 42
115.77192 18
115.88704 27
116.07592 27
116.12520 56
116.19176 54
116.19204 9
116.37968 7
116.52820 27
116.53768 27
116.82320 27
116.85980 0
116.89604 48
116.92524 6
116.94360 27
116.97252 38
117.00916 23
117.03500 37
117.04168 9
117.07324 11
117.08592 27
117.20388 27
117.31296 45
117.39632 27
117.42576 58
117.51712 9
117.56084 27
117.66868 27
117.76952 39
117.83664 55
117.95744 27
118.05004 9
118.08684 54
118.18132 27
118.30700 27
118.31492 15
118.45668 27
118.58800 27
118.59988 9
118.76324 43
118.90136 11
118.92208 27
119.01968 27
119.07552 45
119.17684 5
119.28156 17
119.32520 5
119.39136 27
119.42196 27
119.56080 27
119.71692 10
119.79912 27
119.87176 19
119.88240 49
119.89576 33
119.94516 27
120.18256 17
120.24096 27
120.29364 15
120.40332 53
120.43336 27
120.61356 27
120.73932 27
120.86832 27
120.93676 27
120.99484 19
121.04776 8
121.05032 23
121.10576 5
121.44256 27
121.45016 51
121.56440 27
121.69616 58
121.70056 54
121.87948 32
121.89612 42
122.15180 27
122.17616 49
122.23672 20
122.29824 47
122.33264 35
122.41204 52
122.49820 27
122.50384 4
122.55268 46
122.55668 46
122.71828 5
122.77432 27
122.80528 37
122.89904 27
123.19604 11
123.23420 27
123.25612 46
123.40548 27
123.49472 19
123.70012 24
123.71584 27
123.76472 55
123.80400 52
123.87028 27
124.05660 27
124.13160 27
124.22692 22
124.48032 27
124.60448 27
124.65196 51
124.82308 36
124.82472 22
124.87224 27
124.91996 44
125.04864 32
125.14176 27
125.25332 12
125.27964 0
125.32116 27
125.36500 39
125.40336 18
125.40476 27
125.43964 11
125.75396 27
125.85824 41
126.00776 27
126.04872 52
126.07596 27
126.08836 22
126.09672 21
126.17176 45
126.21352 15
126.27768 27
126.29376 37
126.47752 27
126.54704 2
126.67168 27
126.75332 36
126.79692 34
126.81932 27
126.88568 10
126.95212 27
127.06264 27
127.07520 18
127.19244 34
127.36732 27
127.66808 27
127.80728 42
127.89996 27
128.13708 6
128.21828 27
128.22000 38
128.27712 27
128.39092 36
128.51548 53
128.52380 27
128.65768 27
128.70260 57
128.87464 42
129.15156 42
129.18832 27
129.25164 3
129.32652 40
129.33052 27
129.33832 4
129.48012 27
129.51472 35
129.60416 16
129.60740 18
129.77836 55
129.97412 29
129.97536 27
129.99556 0
130.11800 27
130.25240 27
130.35272 16
130.39244 27
130.44812 4
130.46140 9
130.53860 27
130.62928 35
130.73608 3
130.73772 27
130.85312 37
130.86472 31
130.93356 27
131.02048 0
131.15516 44
131.16208 46
131.19196 11
131.22856 32
131.40704 27
131.60656 44
131.62864 27
131.80248 42
131.88164 27
132.13844 27
132.14228 41
132.18768 34
132.22368 45
132.25888 27
132.38136 54
132.44140 24
132.44588 27
132.65900 27
132.67312 49
132.80140 27
132.85464 54
132.88580 51
132.96520 34
132.99016 15
133.02048 27
133.07856 12
133.14844 27
133.22128 6
133.26792 27
133.50280 9
133.50800 36
133.52056 2
133.56144 27
133.66484 48
133.68864 42
133.75032 38
133.82380 46
133.86940 27
133.87404 52
133.87844 29
134.06612 27
134.27692 27
134.49192 3
134.53184 35
134.58404 27
134.64476 36
134.80308 51
134.97272 27
134.98980 47
135.11404 27
135.24812 37
135.30188 1
135.36640 7
135.42900 27
135.68028 21
135.69496 27
135.85280 27
135.87228 19
135.93508 34
136.02360 49
136.25948 42
136.36420 27
136.40084 0
136.42248 22
136.50932 4
136.53284 27
136.77544 18
136.82912 24
136.89376 5
136.91656 33
136.92080 27
137.00252 40
137.10292 27
137.21964 23
137.26004 57
137.26504 27
137.67240 51
137.69564 27
137.86176 16
138.06352 3
138.13640 27
138.17812 10
138.25916 33
138.28300 50
138.33320 27
138.45012 27
138.46220 16
138.50128 31
138.84488 40
138.93052 27
139.14008 42
139.15368 27
139.24900 35
139.47280 27
139.76240 27
139.87472 18
140.00964 32
140.13484 43
140.13580 27
140.31196 34
140.34300 27
140.48852 4
140.50360 49
140.59060 27
140.74940 20
140.82264 16
140.91532 27
141.00192 35
141.01548 42
141.17376 27
141.29404 41
141.36928 5
141.39636 27
141.39660 33
141.40060 50
141.49620 6
141.51468 59
141.80440 27
142.05776 39
142.06524 27
142.08192 56
142.36924 27
142.48776 27
142.55980 41
142.65044 19
142.67972 27
142.94812 48
142.94824 34
143.07456 22
143.13424 23
143.13816 52
143.29204 43
143.33996 27
143.43568 27
143.63852 57
143.66652 27
143.69728 49
143.80808 27
143.86844 27
144.01924 37
144.05108 49
144.08292 42
144.20892 27
144.30272 12
144.35056 46
144.51676 43
144.59124 59
144.59964 27
144.61708 48
144.69968 20
144.71552 1
144.86760 27
145.16892 27
145.43680 16
145.53184 50
145.59664 27
145.62928 43
145.69116 52
145.75368 27
145.80760 42
145.81436 42
145.82124 51
146.04292 27
146.33232 15
146.35360 46
146.42144 27
146.67408 5
146.68664 35
146.77496 27
146.88840 9
147.07964 7
147.10628 8
147.17636 1
147.24172 52
147.25632 27
147.27812 50
147.35524 34
147.48840 57
147.53744 27
147.57788 0
147.60024 39
147.65444 3
147.69552 22
147.79896 46
147.81584 23
147.85872 27
148.11824 22
148.22012 51
148.30312 23
148.31212 27
148.44320 0
148.64752 42
148.65572 27
148.70016 36
148.76776 3
149.43164 54
149.44828 27
149.60796 51
149.62808 52
149.63728 51
149.67188 27
149.71340 1
149.77336 53
149.80568 38
149.93016 7
150.00472 27
150.04304 10
150.22756 19
150.31348 34
150.31640 2
150.43992 47
150.48428 16
150.73948 27
150.95604 27
151.43132 27
151.69904 27
151.89012 36
152.00692 54
152.07212 48
152.15632 27
152.53752 27
152.76900 31
152.92216 27
153.04324 54
153.06936 4
153.07788 18
153.23240 31
153.33572 50
153.34912 47
153.38272 22
153.40544 10
153.40916 27
153.46908 41
153.49976 36
153.64088 31
153.69104 27
153.79804 13
153.89788 21
153.91324 1
153.92448 42
153.95708 27
154.00996 5
154.01940 50
154.16464 44
154.22280 55
154.31584 42
154.45760 27
154.78024 33
154.82212 36
154.84676 27
154.87240 27
155.12584 27
155.20072 59
155.31496 2
155.33100 35
155.45688 27
155.52052 58
155.54304 49
155.55144 33
155.58940 27
155.78024 38
155.78336 17
155.97872 27
156.01764 27
156.08692 1
156.14376 40
156.14792 27
156.21356 42
156.34452 46
156.54436 13
156.57188 27
156.71524 17
156.79584 34
156.81136 41
156.81204 27
156.89020 42
156.99108 27
157.07932 15
157.08540 10
157.21184 13
157.31216 31
157.36304 27
157.46136 47
157.47456 11
157.52680 18
157.52868 44
157.59752 27
157.67344 33
157.68376 47
157.92968 31
158.04808 52
158.10888 1
158.12308 27
158.18548 16
158.20696 47
158.23644 20
158.26956 27
158.35500 59
158.59480 32
158.64524 19
158.73292 27
158.96976 36
158.99212 58
159.03096 27
159.05432 22
159.18356 50
159.27820 16
159.33832 27
159.38792 8
159.83756 35
160.00988 27
160.06456 37
160.10120 28
160.16400 58
160.25792 27
160.54620 48
160.55564 46
160.74352 27
160.82680 16
160.95240 9
161.03792 27
161.25784 55
161.30084 27
161.32344 18
161.37056 22
161.46580 29
161.81380 27
161.97244 27
162.03416 41
162.24272 27
162.51964 27
162.55428 12
162.55576 54
162.90928 40
162.96016 27
163.02192 3
163.12076 17
163.25248 43
163.29344 48
163.30216 21
163.32616 53
163.40092 27
163.58468 1
163.68248 35
163.78568 27
163.98732 27
164.07100 53
164.09732 49
164.12604 4
164.38012 36
164.69340 27
164.74740 59
164.79052 3
165.04164 19
165.31316 47
165.45112 11
165.49236 27
165.60124 5
165.62584 48
165.78460 27
165.91036 2
166.36356 19
166.42016 1
166.62808 27
167.01868 27
167.06464 55
167.19196 59
167.35564 38
167.37788 51
167.38036 16
167.43192 20
167.46188 48
167.48116 18
167.62216 17
167.71208 12
167.75324 33
167.77548 37
168.04224 27
168.33876 22
168.34644 27
168.46380 12
168.55968 11
168.72576 27
168.93108 58
168.94712 49
168.94824 27
169.00088 42
169.07372 5
169.12304 27
169.40260 12
169.49164 38
169.50224 51
169.57428 15
169.58380 21
169.58680 27
169.60268 44
169.84216 0
169.89164 46
170.23860 36
170.37184 59
170.39344 45
170.44556 27
170.60084 27
170.65368 40
170.82256 27
171.01252 31
171.11960 36
171.16324 27
171.27712 40
171.32920 52
171.58676 27
171.74832 59
171.87344 59
171.96200 27
172.06636 55
172.26144 27
172.26540 42
172.27548 52
172.39984 22
172.41148 53
172.51008 13
172.62204 27
172.84764 27
173.28720 27
173.34032 53
173.39412 31
173.41220 11
173.60700 40
173.63880 27
173.64144 27
173.71352 5
173.78832 16
173.85752 51
173.89348 27
174.31972 55
174.33932 27
174.59704 41
174.71656 31
174.88632 48
174.89628 37
174.92132 27
174.98576 23
175.01724 18
175.04400 19
175.34156 8
175.46988 27
175.58988 58
175.76796 27
175.83864 55
175.92092 15
175.96172 33
175.97500 27
176.01800 46
176.02928 6
176.28484 57
176.30656 27
176.36628 6
176.41520 11
176.44256 35
176.47956 27
176.51984 48
176.74128 40
176.83964 1
176.90844 54
177.19836 52
177.20132 27
177.22388 23
177.55052 59
177.60172 4
177.74320 37
177.82784 27
177.89580 53
177.90672 24
177.91164 17
178.00868 4
178.17728 27
178.18540 58
178.44988 45
178.53104 27
178.55396 37
178.68164 18
178.88008 38
178.88072 27
178.92664 17
179.03648 15
179.20712 12
179.24288 17
179.36172 15
179.40176 27
179.51840 27
179.53788 8
179.67164 27
179.79964 3
179.81508 29
179.85332 32
179.99936 30
180.17072 0
180.32680 27
180.74100 27
181.01616 27
181.11532 17
181.49936 15
181.63948 58
181.72552 27
181.74756 32
181.92536 51
182.04360 27
182.47648 20
182.49168 38
182.57476 27
182.81240 17
182.83956 55
182.84496 20
183.07752 42
183.25324 11
183.26048 48
183.26856 27
183.31052 17
183.49740 48
183.54500 29
183.59024 5
183.61924 46
183.74856 27
183.79316 45
184.03840 27
184.04520 37
184.11932 52
184.19036 47
184.56196 42
184.65696 19
184.67080 13
184.70588 27
184.78828 5
184.90208 27
185.43680 27
185.63204 54
185.72036 55
185.76088 34
186.05280 39
186.31040 27
186.42672 45
186.68960 27
186.92280 51
186.97304 27
186.99672 49
187.16152 50
187.22488 23
187.25612 58
187.30100 35
187.31716 27
187.36620 22
187.36664 1
187.37112 45
187.37740 52
187.38624 8
187.49832 37
187.62632 54
187.64220 37
187.79992 27
187.92444 3
187.92656 36
187.94384 22
188.03024 10
188.16136 2
188.16500 27
188.21776 39
188.40288 34
188.45556 42
188.47684 37
188.49316 50
188.49584 21
188.53756 0
188.58756 44
188.75728 40
188.80008 13
188.82100 58
188.89456 27
189.00616 42
189.03848 35
189.04032 0
189.12608 5
189.16768 32
189.60200 35
189.75200 19
189.81672 27
189.87776 5
189.92156 21
190.03260 17
190.21004 27
190.41980 11
190.45876 39
190.49508 43
190.60416 13
190.60924 41
190.72160 46
190.74608 27
190.80484 5
190.84108 22
190.93076 5
190.95772 33
190.98904 42
191.31592 5
191.34796 2
191.46508 27
191.64436 47
192.05820 16
192.17212 0
192.25560 6
192.36500 27
192.50896 5
192.74720 52
192.81820 37
192.83800 49
193.00104 40
193.07920 33
193.17304 36
193.29732 27
193.30152 48
193.46464 19
193.62744 53
193.70372 27
193.79548 21
193.91636 54
193.93976 27
193.94136 12
194.01056 49
194.16432 13
194.19372 0
194.31188 27
194.45560 37
194.48380 27
194.52916 51
194.55360 12
194.57620 15
194.69920 53
194.71808 54
194.81924 27
195.09224 27
195.27200 27
195.41664 11
195.42508 54
195.46064 56
195.52988 10
195.54572 37
195.55960 52
195.57812 29
195.61668 27
195.85072 0
196.17840 27
196.37204 36
196.41212 33
196.51424 27
196.53472 16
196.85312 0
196.90520 49
196.94108 33
197.02912 27
197.22856 41
197.30748 29
197.44684 27
197.51156 21
197.58548 56
197.61996 50
197.63128 27
197.83076 59
198.24944 16
198.35820 55
198.55340 27
198.67240 42
198.69400 42
198.87172 27
198.92156 46
198.92976 20
199.26444 42
199.28384 13
199.30868 34
199.32464 46
199.36284 3
199.37728 7
199.44944 36
199.47864 24
200.04284 27
200.17964 40
200.35992 59
200.42708 44
200.46268 37
200.55496 27
200.62088 10
200.62728 12
200.63556 55
200.70884 13
200.77792 35
200.79712 27
200.80988 27
200.90008 32
200.91504 23
200.95288 4
201.03920 3
201.04708 49
201.07036 9
201.11392 16
201.18040 18
201.18632 38
201.24664 12
201.31812 27
201.70928 27
201.87176 27
202.06808 42
202.30700 27
202.34716 50
202.37160 49
202.53016 24
202.56348 21
202.98620 27
203.23888 47
203.27360 50
203.33320 2
203.45712 9
203.46116 3
203.64968 27
203.67304 42
203.75456 38
203.80752 27
203.87896 56
203.91776 9
204.12412 2
204.29896 3
204.30596 44
204.34928 9
204.38616 21
204.40948 42
204.46280 16
204.56696 17
204.65576 44
204.71232 27
204.80408 51
204.91840 44
205.09308 45
205.12056 4
205.12700 0
205.30192 27
205.31648 17
205.62184 34
205.74712 9
206.01360 27
206.13800 33
206.19112 10
206.21644 24
206.40200 0
206.41024 1
206.43876 53
206.44532 43
206.54344 27
206.56824 48
206.71536 24
206.81968 32
207.17768 59
207.18152 34
207.46852 27
207.56976 49
207.59568 49
207.60376 9
207.66460 48
207.84180 39
207.87624 59
207.89276 34
207.96476 4
208.01316 58
208.07032 6
208.09752 38
208.15072 37
208.16780 27
208.17288 41
208.19600 6
208.20332 17
208.25340 27
208.42612 46
208.44160 16
208.61040 4
208.62816 27
208.78684 9
208.89788 59
208.92604 34
208.94280 20
209.02776 27
209.07404 4
209.17332 33
209.29464 11
209.46056 27
209.65852 22
209.72532 27
209.72644 37
209.74232 43
210.11592 12
210.20316 4
210.20548 27
210.36788 27
210.68180 11
210.68424 27
210.88852 48
210.92740 57
211.04924 43
211.06320 35
211.15316 27
211.20184 15
211.22848 33
211.36656 16
211.36696 27
211.41836 11
211.51680 46
211.67704 27
211.76316 27
211.91460 3
212.09368 27
212.17172 36
212.21176 13
212.27536 45
212.41052 21
212.41252 49
212.57184 52
212.58720 27
212.62704 47
212.76952 29
212.93528 27
213.12980 44
213.19916 47
213.37240 27
213.51336 23
213.67120 27
213.76240 41
213.92712 27
213.98688 21
214.13636 54
214.28392 27
214.33712 9
214.45980 27
214.73872 24
215.05052 27
215.19732 51
215.22964 8
215.26636 57
215.44268 4
215.44472 27
215.47000 7
215.68932 27
215.76980 54
215.77312 20
216.05076 50
216.05892 27
216.14432 10
216.41864 37
216.53832 39
216.80648 38
216.81072 27
217.33800 31
217.46828 11
217.53232 8
217.57132 27
217.58840 12
217.65804 15
217.66500 6
217.69388 57
217.76292 51
217.83740 27
217.83832 27
218.15956 27
218.19368 21
218.31032 32
218.33784 52
218.41768 43
218.44524 48
218.67932 53
218.71500 27
218.73044 32
218.78940 18
218.94972 27
219.00584 36
219.02144 54
219.05276 7
219.11892 56
219.26352 11
219.37344 3
219.48168 50
219.48796 11
219.53676 27
219.75924 46
219.96108 27
219.98212 37
220.07428 33
220.18224 57
220.20760 27
220.22372 18
220.33044 11
220.33072 17
220.34832 8
220.48100 8
220.52220 21
220.53448 41
220.56732 27
220.83920 43
220.88632 22
220.96784 27
220.99292 22
221.03256 57
221.08212 52
221.28644 33
221.30148 27
221.39420 22
221.54904 27
221.62788 2
221.65076 18
221.72392 53
221.77696 27
221.79116 21
221.95168 32
222.04140 27
222.15528 50
222.36104 27
222.47200 0
222.48420 22
222.71892 42
222.72260 57
222.84568 27
222.86468 8
223.08352 40
223.11172 11
223.13608 27
223.28788 40
223.34376 24
223.42472 27
223.74064 27
224.20984 3
224.43956 27
224.59128 27
224.77428 31
224.95016 27
225.28916 27
225.49540 42
225.50684 5
225.52724 9
225.58096 27
225.86172 40
225.96260 27
226.26324 11
226.28716 42
226.29604 54
226.35104 27
226.36864 12
226.43996 46
226.60528 10
226.61224 27
226.76328 54
226.77092 27
227.01460 31
227.16480 27
227.20420 6
227.21460 46
227.21844 40
227.26020 41
227.38752 9
227.81036 27
228.02136 59
228.09808 46
228.27372 5
228.29288 43
228.71364 27
228.91912 37
229.05528 20
229.05700 5
229.05924 48
229.26508 27
229.33016 37
229.35624 20
229.57324 58
229.68316 18
229.85240 19
229.88636 17
230.04024 27
230.15236 10
230.23460 10
230.39808 27
230.46432 52
230.52288 21
230.63400 51
230.73720 27
230.77688 8
230.96408 39
231.09856 0
231.14056 20
231.18656 59
231.29564 8
231.39000 0
231.73000 1
231.85836 27
232.14384 6
232.19632 27
232.33276 55
232.38416 27
232.44364 16
232.65284 59
232.79588 47
232.83692 46
233.02640 27
233.03452 37
233.07148 4
233.12812 27
233.48140 27
233.48828 58
233.54872 50
233.59840 10
233.63468 51
233.80680 27
233.83084 40
233.94924 48
234.12680 40
234.19480 27
234.24340 27
234.39044 27
234.83592 27
235.10088 27
235.19240 3
235.27476 31
235.34080 52
235.41928 56
235.43452 52
235.43700 51
235.46016 4
235.76096 27
235.76212 29
235.78752 2
236.00648 27
236.06592 22
236.18204 19
236.28164 2
236.29084 20
236.47368 23
236.47424 43
236.48600 27
236.51960 10
236.52176 43
236.52576 16
236.57456 52
236.59720 57
236.73616 16
236.80220 1
236.94888 24
236.99500 19
237.02248 27
237.11700 27
237.35304 27
237.38356 56
237.46528 23
237.69528 9
237.75996 27
237.86416 15
237.93492 17
237.95796 2
238.05000 44
238.14528 42
238.16952 8
238.23704 23
238.33028 27
238.33496 56
238.35272 36
238.47592 27
238.55780 57
238.64436 27
238.94956 27
239.21420 34
239.47036 27
239.53656 33
239.59072 39
239.72560 27
240.01628 16
240.06912 18
240.16208 27
240.60496 27
240.97516 1
241.03084 36
241.15032 43
241.16672 35
241.25692 27
241.26524 44
241.32724 51
241.47272 23
241.65456 0
241.70392 35
241.74616 43
242.00644 27
242.12304 46
242.37232 11
242.57380 40
242.66768 27
242.82980 59
242.84276 12
242.89288 7
242.95620 17
242.97852 32
243.00284 32
243.06568 2
243.20644 27
243.46732 24
243.64808 27
243.64908 27
243.97876 18
244.06912 27
244.07808 3
244.18900 7
244.21392 0
244.28212 50
244.42900 36
244.53428 44
244.62884 55
244.87072 49
244.91608 39
244.94544 16
245.05624 4
245.08652 45
245.08840 5
245.17756 38
245.36064 27
245.36460 55
245.77644 29
245.87932 27
246.13040 54
246.22440 27
246.38896 58
246.44360 36
246.62912 27
246.70132 9
247.09188 40
247.10684 27
247.15824 27
247.31228 54
247.41772 27
247.41904 3
247.56344 0
247.74320 27
247.78328 44
247.80844 50
247.83720 48
247.90100 19
248.05548 47
248.07016 27
248.29664 29
248.31492 27
248.36704 52
248.62992 15
248.69992 43
248.74668 8
248.82372 27
248.85272 29
248.87520 41
248.88932 10
248.97336 23
249.00556 52
249.03440 27
249.06332 59
249.13864 35
249.35048 36
249.41032 32
249.55888 27
249.71648 27
249.84352 55
249.89060 50
250.02800 22
250.04080 27
250.07472 33
250.22448 3
250.29272 20
250.29996 27
250.38528 1
250.63180 44
250.69488 27
250.78396 36
250.94784 35
251.04580 39
251.06384 22
251.20620 27
251.33264 19
251.41112 38
251.42360 0
251.50652 27
251.50676 6
251.93684 51
251.99364 27
252.04004 21
252.06132 55
252.17796 27
252.20708 24
252.22460 1
252.31776 19
252.46676 31
252.77016 27
252.82028 37
252.82544 3
252.85148 5
252.89516 38
252.92036 34
253.04196 45
253.09364 55
253.17436 27
253.23084 47
253.66720 55
253.69312 29
253.75616 31
253.76772 27
254.05688 43
254.24692 27
254.40088 27
254.53748 53
254.81176 32
254.87936 27
255.07092 34
255.08856 2
255.23808 27
255.24604 22
255.72732 55
255.75596 27
255.77328 16
256.13932 27
256.29892 12
256.31020 27
256.52072 27
256.63892 27
256.84920 7
256.97732 34
257.12220 27
257.36664 1
257.42872 29
257.43048 54
257.56120 27
257.90528 44
257.91044 27
258.08448 38
258.26328 27
258.38040 58
258.39196 46
258.47204 37
258.75224 27
258.87304 11
258.98292 23
259.13992 27
259.17092 45
259.36692 34
259.45348 53
259.49932 27
259.57588 47
259.58844 44
259.82960 43
259.85248 27
259.93052 12
260.22572 10
260.51652 27
260.53660 47
260.60984 34
260.66352 3
260.78192 21
260.79404 39
260.87384 59
261.05552 27
261.11336 20
261.18952 3
261.25684 13
261.40276 27
261.49536 34
261.79232 27
261.79372 3
261.82996 44
261.95608 18
262.05168 51
262.10960 51
262.35760 22
262.48640 58
262.61328 27
263.23740 27
263.27048 6
263.28536 11
263.38124 42
263.40544 27
263.54508 31
263.55168 13
263.55704 35
263.64532 2
263.71160 27
263.75736 29
263.76928 29
263.81916 43
263.94716 3
264.09132 55
264.16036 31
264.53512 40
264.56840 1
264.91136 20
265.07768 59
265.12148 1
265.19084 24
265.19256 27
265.27884 16
265.43440 42
265.55072 49
265.58080 27
265.68940 20
265.72828 45
265.82436 9
265.83252 27
266.04644 22
266.05428 38
266.21236 27
266.23340 22
266.44140 3
266.44372 1
266.49060 27
266.64128 10
266.78268 45
266.79024 27
266.79616 4
266.79960 55
267.14112 31
267.36092 32
267.53512 41
267.61244 27
267.78116 27
267.79124 51
268.23360 27
268.70212 37
268.90264 31
269.12720 3
269.17092 20
269.38448 29
269.38680 27
269.71688 6
269.79396 27
270.02444 28
270.13252 16
270.13424 10
270.17148 59
270.23280 27
270.29596 39
270.29620 0
270.31548 37
270.34472 29
270.44784 33
270.63756 44
270.67420 34
270.70024 39
270.77412 54
270.80624 7
271.01032 44
271.01980 27
271.11216 12
271.11344 37
271.12728 52
271.25792 16
271.42568 35
271.65020 34
272.01112 58
272.02232 40
272.14016 13
272.37628 1
272.65544 44
272.83940 37
272.84912 27
272.96104 27
272.99120 35
273.00100 3
273.02168 22
273.04732 50
273.12104 5
273.12424 49
273.17220 8
273.48228 27
273.49992 51
273.59212 0
273.60944 8
273.72092 27
273.72436 39
273.74756 11
273.76656 40
273.83956 49
273.92952 53
273.93092 52
274.17068 20
274.29268 2
274.67684 27
274.79196 24
274.79588 21
274.81464 21
274.91348 32
274.93860 15
275.05368 11
275.11444 27
275.29720 43
275.49932 45
275.53692 56
275.55420 47
275.55500 10
275.61732 27
275.69844 42
275.70508 1
275.94452 56
276.05068 20
276.15220 27
276.26616 47
276.47424 46
276.77168 37
276.88016 42
277.11584 4
277.34864 35
277.95236 18
278.01880 57
278.08248 38
278.12856 27
278.15768 21
278.28668 43
278.34360 46
278.51108 27
278.76548 20
279.10936 27
279.43208 27
279.52388 21
279.89008 27
279.90512 27
280.05188 47
280.10700 10
280.40768 12
280.42884 11
280.47444 19
280.56500 48
280.57644 27
280.75500 41
280.76688 1
280.82040 50
280.85208 23
280.85624 44
280.99340 39
281.04220 27
281.33556 52
281.49932 27
281.65048 11
281.80144 29
281.82112 45
281.85984 27
281.88636 7
282.10812 20
282.12208 3
282.13860 3
282.27100 27
282.27276 19
282.32280 57
282.33332 11
282.37520 18
282.40584 36
282.45380 40
282.51724 53
282.55264 13
282.57860 27
282.82932 4
282.85936 13
282.99008 7
283.07716 27
283.21960 48
283.50604 57
283.59752 32
283.69816 27
283.73548 1
283.83744 8
284.06704 27
284.10472 55
284.36792 57
284.37640 21
284.40336 36
284.84592 57
284.87352 53
284.88892 9
284.97036 27
285.05284 29
285.23164 40
285.34292 55
285.37856 27
285.64576 51
285.69764 27
285.99964 46
286.04296 27
286.06656 37
286.18800 46
286.19024 10
286.34376 21
286.38788 27
286.49596 38
286.74232 27
286.75452 4
286.88600 39
286.92272 51
287.02216 22
287.04576 47
287.09056 27
287.33348 24
287.38716 54
287.57456 5
287.61928 4
287.72156 27
287.83456 47
287.83776 1
288.07028 27
288.31176 27
288.64620 27
288.64720 1
288.71020 31
288.73372 27
289.45784 27
289.99288 27
290.04332 4
290.05116 37
290.44160 1
290.54872 56
290.55732 24
290.85720 29
290.88204 16
290.88420 15
291.27460 7
291.36672 17
291.38180 9
291.52036 27
291.63080 40
291.73052 47
291.75832 45
291.94576 33
291.99972 27
292.22012 21
292.34364 51
292.46244 5
292.57860 29
292.65656 27
292.78288 27
293.08328 27
293.13608 23
293.22732 32
293.35104 27
293.42248 7
293.48604 55
293.53140 1
293.59252 51
294.09868 27
294.11028 33
294.19460 0
294.21776 33
294.25892 27
294.26836 42
294.44560 22
294.44760 29
294.47052 27
294.70772 27
294.83572 49
294.97864 40
295.15312 22
295.32708 40
295.36012 27
295.89236 27
295.95544 40
296.08172 15
296.19352 27
296.45496 6
296.57984 48
296.86864 6
296.87556 24
297.39340 27
297.48148 37
297.50340 1
297.50884 35
297.59744 54
297.84640 5
297.94272 50
297.94704 36
298.08104 18
298.17852 52
298.34028 10
298.37384 27
298.37496 46
298.38576 48
298.39164 50
298.42308 54
298.75848 59
298.85424 33
298.91644 27
298.99472 44
299.17572 27
299.49940 20
299.55688 11
299.69052 39
299.94368 44
300.06988 27
300.26752 56
300.31648 44
300.32200 11
300.57284 7
300.58364 27
300.63416 24
301.08920 11
301.16380 33
301.31660 24
301.32672 52
301.57204 9
301.73128 0
301.74760 50
301.79100 7
301.81692 57
301.84416 24
301.86708 5
301.93116 36
302.06448 27
302.06564 27
302.13052 6
302.21788 56
302.54792 22
302.61816 24
302.70384 27
302.72316 8
302.95424 5
303.05568 35
303.27072 1
303.28416 13
303.34804 40
303.40616 7
303.43548 29
303.49612 6
303.55040 43
303.68288 46
303.90540 27
304.04988 58
304.15908 27
304.42640 9
304.46932 5
304.58872 7
304.75368 38
305.10580 58
305.14620 33
305.25244 46
305.31272 42
305.59008 42
305.63784 11
305.69924 45
305.92192 27
306.12468 54
306.29960 45
306.50416 58
306.82844 47
307.05468 33
307.06044 43
307.12096 16
307.18864 27
307.33784 20
307.33956 48
307.87680 31
308.04368 31
308.06656 27
308.07580 44
308.51536 27
308.53528 15
308.53876 43
308.62228 13
308.67436 5
308.74456 34
308.87008 51
308.89568 32
308.92256 27
309.07860 38
309.29240 53
309.43996 27
309.79780 41
309.84648 27
310.31992 12
310.74232 27
310.86352 44
310.88644 40
310.95964 34
311.11124 42
311.13468 38
311.21164 33
311.31040 55
311.57676 18
311.63016 20
311.66032 11
311.66088 16
312.13064 49
312.29376 27
312.38416 33
312.48460 2
312.60680 31
312.67840 37
312.78380 29
312.84016 27
312.89420 45
312.94924 41
312.97268 18
313.17540 58
313.20976 27
313.32312 27
313.42568 13
313.60560 39
313.68832 39
313.76652 27
313.93560 27
313.97948 31
313.98216 7
313.99384 40
314.01348 32
314.03304 11
314.27488 23
314.31372 57
314.33024 44
314.36472 19
314.39552 1
314.46400 27
314.47236 16
314.70088 13
314.70156 38
314.77548 27
314.87292 46
315.24232 27
315.28852 11
315.39192 3
315.65992 17
316.21244 27
316.46740 21
316.46992 55
316.50712 53
316.67536 45
316.77824 59
316.81488 46
316.86816 27
317.04060 41
317.29320 27
317.46620 16
317.60608 27
317.64636 40
318.09576 5
318.11992 53
318.20100 13
318.46208 47
318.56568 27
318.56648 13
318.97728 31
319.34000 4
319.37828 27
319.41812 24
319.43104 6
319.50004 6
319.61628 42
319.74412 37
319.82560 33
319.88848 41
319.97224 24
320.17916 40
320.22652 27
320.23884 20
320.31120 18
320.33660 56
320.60008 27
321.20184 37
321.22436 27
321.22536 27
321.27388 51
321.34816 21
321.53848 44
321.56864 19
321.61472 54
321.64256 13
321.83072 34
321.95672 27
322.08408 32
322.23684 27
322.25076 45
322.30548 53
322.35800 40
322.56504 50
322.78392 34
322.84124 27
323.01984 27
323.07624 4
323.16896 49
323.22524 51
323.41660 50
323.44548 27
323.51904 27
323.68148 42
323.79236 22
323.80916 21
323.81308 27
324.29184 27
324.35824 37
324.56772 33
324.61368 54
324.70476 50
324.80240 58
324.85544 0
325.04296 19
325.46024 44
325.56488 56
325.56584 41
325.90192 36
326.14932 27
326.43260 41
326.44332 4
326.48496 29
326.67112 57
326.75788 27
326.86344 11
326.99988 43
327.30132 12
327.43520 27
327.44340 10
327.50048 58
327.64968 17
327.68664 54
327.75092 42
327.77764 31
327.94476 23
327.98068 27
328.56056 27
328.76292 29
328.76964 5
328.86144 23
328.93948 27
329.22928 27
329.49312 27
329.64368 43
329.73596 40
329.86676 46
329.95388 27
330.05616 11
330.38696 7
330.41672 55
330.50528 3
330.64688 27
330.83164 52
330.92344 48
330.93284 47
330.96996 27
331.04684 16
331.09612 53
331.14648 27
331.28860 46
331.39180 48
331.49120 18
331.60144 52
331.61408 46
331.89572 45
331.92512 27
332.00560 35
332.02672 20
332.17588 38
332.19800 37
332.19960 27
332.26752 13
332.43500 2
332.43932 47
332.58900 27
332.64252 50
332.76780 27
332.86564 42
333.24156 3
333.45268 52
333.49128 27
333.60504 50
333.65352 22
333.88828 36
334.00516 34
334.00580 51
334.02152 2
334.02324 46
334.02532 39
334.08096 56
334.19888 27
334.26040 24
334.41008 50
334.49984 43
334.54388 27
335.05392 27
335.23992 40
335.30352 32
335.31820 33
335.34144 27
335.36624 7
335.48700 47
335.49156 53
335.58864 48
336.14832 52
336.44228 33
336.55812 8
336.57232 27
336.64132 47
336.66680 45
336.66968 38
336.73532 37
336.90832 3
337.13004 55
337.33252 27
337.41872 36
337.47080 33
337.50592 55
337.50896 20
337.67732 27
337.81840 44
337.93896 51
337.94476 27
338.20304 58
338.26972 42
338.27760 27
338.51948 59
338.58684 38
338.99892 27
339.00900 6
339.23820 27
339.25400 45
339.25580 55
339.71612 27
340.06232 27
340.20208 57
340.23992 7
340.28612 40
340.49412 12
340.52824 27
340.54052 58
340.58648 38
340.70416 1
340.71512 35
340.87388 54
340.94292 35
341.04348 35
341.28904 55
341.36632 5
341.53196 8
341.57108 56
341.61008 27
341.68932 17
341.71492 57
342.54332 27
342.67904 16
342.84240 27
342.93168 43
342.97664 37
342.98216 27
343.11756 27
343.54032 27
343.69892 29
343.73220 23
343.78564 16
344.06520 57
344.34840 10
344.43500 55
344.45132 27
344.62868 53
344.68028 0
344.73104 56
344.75324 16
344.82760 27
344.94068 21
344.97076 34
345.01668 27
345.07168 45
345.23704 21
345.28380 1
345.32592 53
345.68116 10
345.78604 51
345.81652 27
345.81784 3
346.01804 33
346.01880 33
346.13164 50
346.30028 9
346.39644 4
346.43316 27
346.43380 1
346.44948 4
346.52288 32
346.78940 27
346.92948 42
346.96820 39
347.14488 15
347.20440 37
347.26176 57
347.48952 15
347.52680 13
347.53968 55
347.61672 8
347.70648 17
347.77496 47
347.81496 53
347.87496 4
348.03948 27
348.08440 12
348.33692 15
348.73364 8
348.75980 15
348.91816 0
348.96416 58
349.05532 11
349.09124 27
349.27756 55
349.32300 13
349.32556 22
349.53724 37
349.60988 27
349.76532 44
349.79544 57
350.14372 51
350.15140 8
350.35900 7
350.59600 12
350.71840 15
350.77420 9
350.81104 27
350.82320 45
350.83704 6
350.84724 12
350.91204 44
351.00192 8
351.03500 16
351.18984 55
351.33144 7
351.36192 24
351.67256 33
351.72956 3
351.76880 29
351.77612 10
351.86180 38
352.09072 27
352.53072 4
352.68688 58
353.04156 52
353.08020 27
353.12668 0
353.18468 44
353.28876 47
353.45452 27
353.46152 41
353.49916 59
353.78996 48
353.85068 57
353.93008 36
354.10212 22
354.17340 27
354.58032 49
354.70596 27
354.86028 36
354.89056 53
355.07952 21
355.13424 44
355.16040 20
355.17200 57
355.33072 44
355.34044 55
355.47852 29
355.69256 20
355.76592 39
356.10624 31
356.12804 3
356.54356 0
356.64684 7
356.71268 2
356.72768 35
356.88740 37
357.04816 18
357.17112 15
357.27180 27
357.29252 4
357.48488 42
357.48612 37
357.91320 57
358.23220 35
358.30800 19
358.52336 9
358.63992 5
358.72668 48
358.80916 18
359.07280 27
359.07852 13
359.48316 23
359.67632 5
359.70500 16
359.73392 20
359.93068 20
360.34924 12
360.35504 12
360.38520 2
360.44868 27
360.54476 11
360.78060 55
360.93600 35
361.14200 22
361.14476 27
361.70232 36
361.87568 6
361.96936 28
362.20324 33
362.36916 59
362.39724 16
362.57064 27
362.58476 9
362.95960 27
363.05000 23
363.08776 9
363.18124 22
363.30964 2
363.57168 7
363.62844 7
363.64412 49
363.65648 33
363.67812 37
363.79332 31
364.03388 19
364.21728 7
364.25440 44
364.48804 13
364.55924 37
364.58536 5
365.24448 27
365.26852 7
365.33172 36
365.43412 39
365.44236 9
365.68480 11
365.74852 27
366.32400 21
366.46280 7
366.58996 40
366.62876 33
366.90732 59
366.96124 52
367.90612 8
368.02384 59
368.20816 55
368.23744 46
368.24884 11
368.45724 31
368.46780 37
368.48964 43
368.53732 50
368.58040 11
368.62860 46
368.63208 8
368.63912 47
368.64164 3
368.79916 40
369.07928 12
369.38728 38
369.55192 46
369.56284 23
369.65332 17
369.79164 12
370.05436 35
370.05824 48
370.24980 44
370.42768 3
370.48112 45
370.51848 38
370.55400 10
370.60024 59
370.72128 27
370.72228 17
370.72888 58
370.81800 32
370.86728 8
370.94236 41
371.11992 27
371.15656 45
371.23644 47
371.38364 4
371.38400 36
371.81340 3
372.00164 27
372.00776 55
372.24500 18
372.39732 22
372.94308 13
373.02380 19
373.30376 21
373.36220 23
373.49560 32
373.54472 12
373.56768 27
373.60092 56
373.91640 33
374.01552 36
374.12536 27
374.32804 33
374.43120 6
374.46972 34
374.60432 27
374.82744 27
375.20040 27
375.42980 45
375.43660 39
375.54052 50
375.58236 10
375.71808 1
375.91076 59
376.03188 21
376.47840 4
376.56320 18
376.58928 20
376.64356 57
376.70592 52
376.70656 42
376.76752 6
376.88996 0
377.19716 12
377.20452 12
377.38012 57
377.58112 33
377.74252 12
377.84976 9
377.91244 27
378.04392 7
378.08304 13
378.12652 34
378.22120 1
378.22204 27
378.31064 48
378.38324 8
378.47720 29
378.53552 27
378.76908 13
379.37472 27
379.50308 54
379.58096 0
379.70352 36
379.87140 33
379.97128 38
379.98128 40
380.02376 27
380.37460 53
380.68588 27
380.69952 51
380.69972 56
380.74996 4
380.76940 21
380.89480 11
381.03936 59
381.47100 24
381.48416 51
381.65184 27
381.88664 56
381.94348 16
382.21492 57
382.45748 27
382.67016 49
382.71944 49
382.86632 58
383.03140 51
383.10544 37
383.22516 12
383.34856 12
383.43232 12
383.52992 15
383.73948 42
383.82036 34
383.90796 32
384.00044 41
384.28628 58
384.35808 57
384.50944 38
384.62184 18
384.72860 31
384.80576 32
384.81236 16
384.89000 15
385.07784 3
385.17460 18
385.20972 39
385.53968 31
385.63672 55
385.71460 19
385.80428 24
386.17364 51
386.47072 12
386.47608 31
386.72284 44
386.79056 15
386.89440 36
387.12432 59
387.13160 27
387.24456 10
387.40204 54
387.66500 8
387.72220 54
387.85880 15
388.05708 44
388.16904 35
388.24536 27
388.47032 2
388.47700 41
388.61420 37
388.72692 2
388.85016 47
389.00124 15
389.11344 11
389.13332 44
389.15328 6
389.40608 23
389.53496 27
389.66040 13
389.87772 1
390.07532 27
390.70200 27
390.90252 44
390.91168 10
391.07864 10
391.34124 48
391.54028 27
391.72940 10
391.79712 56
392.01600 17
392.05784 16
392.49908 16
392.60748 27
392.68708 23
392.74664 17
392.88052 58
392.94940 58
393.00580 17
393.02564 29
393.30036 40
393.53800 59
393.79776 54
394.24388 15
394.47020 51
394.48332 54
394.48680 52
394.48700 19
394.82612 49
394.88048 33
394.92972 54
395.07136 27
395.07536 2
395.34552 10
395.39992 1
395.41024 20
395.64232 27
395.75264 40
395.90176 11
396.01968 40
396.10024 27
396.11716 3
396.41268 6
396.80152 27
396.84244 41
396.85168 48
397.09364 21
397.16500 29
397.29872 20
397.44172 46
397.53380 9
397.69952 2
397.80364 8
397.88556 20
398.10388 41
398.14800 11
398.29540 23
398.34604 46
398.45180 5
398.62532 22
398.67320 52
398.70880 0
398.78896 11
398.83460 16
398.84884 27
399.01964 38
399.17596 4
399.63792 4
399.80416 33
400.10516 15
400.21488 55
400.29644 29
400.30864 7
400.37392 0
400.37612 27
400.50496 34
400.61240 41
400.63168 31
400.64196 0
400.91660 53
400.99204 59
401.13196 56
401.17844 41
401.30024 27
401.34628 31
401.41208 39
401.50684 33
401.54316 54
401.98484 34
402.19180 33
402.25860 37
402.44004 41
402.53532 43
402.55708 20
402.63592 0
402.66764 11
402.70832 58
402.86716 47
402.93844 47
402.93872 44
403.10012 32
403.14976 16
403.26496 37
403.32168 34
403.42648 22
403.44536 27
403.60424 33
403.62840 33
403.77320 2
403.94480 9
403.96888 29
404.23264 53
404.32936 41
404.51208 27
404.55300 52
404.79988 18
404.82996 27
405.07500 27
405.12876 50
405.23068 34
405.29360 18
405.36196 12
405.46772 4
405.86144 38
405.95956 23
406.02332 27
406.11796 3
406.25692 8
406.33912 42
406.38744 22
406.40660 9
406.45772 48
406.46924 23
406.48516 13
406.48708 56
406.58756 27
406.61236 3
407.11464 20
407.24616 31
407.71976 2
407.73972 52
407.81672 37
407.92968 24
407.97852 58
408.14728 11
408.23976 36
408.27800 0
408.37748 42
408.41180 34
408.56184 27
408.61848 23
408.65440 39
408.67776 48
408.71020 50
409.24280 31
409.26876 11
409.42312 38
409.47080 12
410.10220 34
410.17236 27
410.46392 21
410.64164 22
410.74356 33
410.96432 7
410.99784 43
411.12952 11
411.23356 45
411.38984 48
411.70736 42
411.93876 20
411.94468 1
412.03460 39
412.30856 27
412.34944 51
412.50564 21
412.94848 40
413.10812 18
413.16728 45
413.49068 48
413.74616 46
413.82404 47
414.16480 40
414.19836 5
414.42488 42
415.16100 3
415.17932 16
415.23168 17
415.26064 11
415.52320 15
415.95516 46
416.62272 27
416.69572 34
417.04828 27
417.12680 24
417.14032 6
417.38484 42
417.74436 57
417.74960 29
417.97784 40
418.05104 15
418.11916 23
418.46800 27
418.57108 5
418.64892 16
418.65872 7
418.90440 27
419.04228 17
419.18616 43
419.51868 41
419.61748 6
419.67048 59
419.78900 9
420.00632 44
420.01972 48
420.13828 27
420.61608 56
420.64912 3
420.67332 49
420.74552 27
420.92664 5
421.19624 3
421.26524 6
421.32492 52
421.36068 13
421.67856 33
421.71984 57
421.78136 47
421.78316 10
421.89376 0
422.18772 10
422.44936 37
422.50204 22
422.68152 1
422.68716 24
422.76464 57
422.79620 57
423.18200 42
423.23756 43
423.52940 43
423.72024 51
423.80032 54
423.82980 45
424.14600 3
424.50932 3
424.60608 20
424.75188 47
424.96868 11
425.06508 10
425.07284 11
425.26620 47
425.30884 50
425.56252 15
425.60068 52
425.81588 5
426.05068 3
426.19920 42
426.26648 54
426.32056 59
426.68136 27
426.68556 40
426.71036 54
426.74044 27
426.74912 5
426.81180 40
426.94860 13
426.96276 19
427.03008 21
427.11800 41
427.69992 48
427.81808 50
427.87364 6
427.92628 6
428.00164 20
428.22928 8
428.42720 17
428.44760 36
428.50248 27
428.54780 55
428.59296 23
428.62728 36
428.66764 44
428.93952 32
428.95720 26
428.96048 21
429.13800 3
429.39456 44
429.47520 0
429.55040 13
429.67856 19
430.05872 54
430.10080 57
430.22760 54
430.28124 49
430.53824 58
431.03756 49
431.06548 16
431.07924 31
431.08072 33
431.12336 57
431.19164 40
431.28872 31
431.41188 45
431.43124 59
431.57620 9
431.63680 27
431.76992 3
432.01952 27
432.11396 58
432.16408 45
432.54384 18
432.92636 38
433.02028 10
433.30588 13
433.37112 41
433.81220 27
433.82344 29
433.95296 42
434.01076 27
434.05564 52
434.07072 20
434.25684 57
434.40480 19
434.43792 11
434.45524 55
434.59200 35
434.82560 4
434.90496 11
435.18776 27
435.26312 20
435.26580 49
435.28404 47
435.36476 49
435.37584 27
435.37712 27
435.52352 27
435.80860 49
436.05768 54
436.06428 10
436.10596 27
436.20576 24
436.68164 27
436.79280 59
436.79992 13
436.84860 4
437.43888 22
437.49484 36
437.54528 32
437.57992 18
437.65232 46
437.68468 37
437.85256 24
437.99868 36
438.11448 20
438.50340 22
438.51448 50
438.53912 9
438.61100 21
438.83408 39
439.26732 27
439.31992 23
439.39472 46
439.74084 2
439.83028 59
439.98656 48
440.35812 24
440.40700 29
440.88704 12
440.90088 59
440.97496 40
441.45604 40
441.53024 40
441.70428 48
441.84960 0
441.95812 53
442.08512 8
442.37236 2
442.47176 24
442.85928 11
442.96408 51
442.99456 7
443.04984 45
443.25936 27
443.48840 19
443.52280 12
444.01360 35
444.01732 50
444.05420 5
444.08484 7
444.17660 17
444.30508 7
444.42232 34
444.74532 32
444.86952 54
444.87344 9
444.96984 43
445.01112 45
445.06696 38
445.13056 46
445.24188 0
445.35908 1
445.36468 8
445.46220 47
445.52616 44
445.53332 49
445.62204 27
445.71108 32
446.04284 27
446.25592 20
446.46032 36
446.47860 49
446.72180 16
447.05164 33
447.39928 19
447.43700 27
447.54020 27
447.63996 1
447.72796 48
447.82312 9
447.85892 37
447.90404 27
448.07256 52
448.18104 16
448.22316 17
448.34104 19
448.53680 38
448.60456 13
448.61672 49
448.71372 24
448.79524 18
448.83564 56
449.03952 10
449.10396 47
449.45992 54
449.51260 27
449.84564 58
449.87388 19
450.03176 32
450.19768 4
450.26500 27
450.42476 39
450.45988 40
450.77860 58
450.94752 7
450.97064 0
450.97528 50
450.98536 34
451.00112 45
451.05168 50
451.26132 7
451.41524 50
451.42656 3
451.60536 43
451.79864 53
451.88700 27
451.95164 57
452.05904 50
452.35028 49
452.46892 27
452.50800 54
452.71368 57
452.80036 31
452.93676 43
453.04168 37
453.05884 50
453.20332 0
453.41500 54
453.50864 49
453.57792 43
453.95096 11
454.09432 40
454.17840 36
454.18396 16
454.27652 12
454.32488 45
454.38312 17
454.47852 40
454.57952 27
454.67668 58
454.70604 34
454.78616 18
454.80860 48
454.88048 52
454.99948 58
455.20328 50
455.28548 46
455.29808 17
455.32368 53
455.35080 9
455.38272 6
455.38272 53
455.46948 27
455.59004 20
455.93124 3
455.96568 53
456.02228 38
456.19348 1
456.43068 58
456.72168 37
456.90336 10
457.02040 4
457.08508 12
457.24916 3
457.41832 7
457.96400 45
458.28620 15
458.29936 21
458.51560 10
458.57640 27
458.65220 32
458.85208 9
458.85300 39
459.18536 8
459.24864 1
459.47296 35
459.55604 52
459.65776 33
459.71880 42
459.78552 50
460.04160 27
460.17860 15
460.62176 39
460.62212 13
460.63004 4
461.02716 31
461.36856 16
461.38588 1
461.42308 23
461.43516 27
461.44584 56
461.76672 51
461.89516 54
461.95276 27
462.02148 47
462.03164 18
462.37248 43
462.68604 33
462.70932 51
462.76784 38
462.85836 47
462.88072 31
463.22052 55
463.36256 35
463.57832 8
464.05644 23
464.15156 16
464.15208 44
464.32112 9
464.39056 8
464.48644 29
464.72340 27
464.77696 42
464.80752 9
464.84076 46
465.07908 53
465.17852 35
465.24484 55
465.73952 29
466.14564 57
466.38972 31
466.53576 27
466.74320 11
466.89988 27
467.01452 58
467.03248 4
467.09324 12
467.17592 17
467.23312 7
467.24632 23
467.34980 59
467.35300 11
467.53988 39
467.91844 13
467.91872 43
468.08652 12
468.20544 7
468.24196 17
468.68140 38
468.81768 38
468.92292 36
469.08420 42
469.08504 58
469.12148 2
469.12588 9
469.35976 5
469.45612 0
469.51804 39
469.57996 43
469.67396 9
469.95232 55
470.04088 45
470.10252 0
470.43416 29
470.47440 54
470.56992 17
470.71232 17
470.77388 27
470.84040 47
470.84344 23
471.03236 12
471.64264 55
471.69300 9
471.93436 2
472.10668 20
472.20388 40
472.26392 27
472.28052 6
472.39268 56
472.43944 51
472.46064 49
472.58624 53
472.76908 8
472.78164 9
473.31892 19
473.37852 32
473.45412 56
473.54372 27
473.57864 48
473.71144 21
473.76596 43
473.77024 10
473.80832 12
473.80992 44
473.86244 17
473.97752 42
474.10540 19
474.17620 27
474.31684 3
475.49200 47
475.61000 9
475.89012 38
475.90524 59
475.94752 21
475.97436 57
476.09364 29
476.18584 16
476.20784 46
476.26272 33
476.43648 17
476.49904 45
476.54292 47
476.57652 38
477.02332 48
477.11008 58
477.31524 27
477.33044 54
477.39252 4
477.48740 18
477.51576 36
477.76424 58
477.84880 58
478.03168 46
478.11052 49
478.30648 52
478.41584 8
478.43852 22
478.51344 21
478.69968 48
478.78636 11
478.92728 55
479.17796 37
479.35492 22
479.47892 4
479.49520 50
479.63360 12
479.71560 5
479.73120 37
479.94972 24
480.02396 24
480.04364 5
480.08412 34
480.08812 22
480.46192 43
480.54880 27
480.67044 52
480.68228 51
480.84468 15
481.00544 58
481.13528 55
481.19996 57
481.26700 55
481.31564 12
481.36520 19
481.37628 27
481.75804 6
482.02476 47
482.13252 27
482.18508 41
482.27880 32
482.75740 41
482.95236 3
483.23752 51
483.51424 32
483.62848 10
483.67932 10
483.87056 1
484.10420 27
484.13348 23
484.55788 18
484.61132 7
484.88920 42
485.11940 49
485.21116 31
485.34928 53
485.54992 5
485.64096 23
485.73668 31
485.74840 59
485.78676 27
485.80132 11
485.89860 1
486.21356 8
486.29232 16
486.31760 54
486.39212 7
486.44796 52
486.44920 18
486.51048 27
486.57756 11
486.79872 12
486.96092 57
487.16476 48
487.27008 54
487.50936 2
487.63268 17
487.69864 43
487.74584 8
487.78120 6
487.79180 10
487.80760 20
488.06408 44
488.22732 51
488.23964 6
488.26540 53
488.46344 13
488.75284 9
488.77228 27
489.02016 36
489.08676 52
489.13228 27
489.20196 3
489.45716 18
489.47280 10
489.92188 5
489.93536 8
489.98540 35
490.00016 27
490.00716 50
490.02040 55
490.03652 22
490.10320 19
490.29612 22
490.36716 38
490.48968 5
490.53068 1
490.73572 11
490.77676 45
490.80484 27
491.06224 12
491.20032 6
491.35416 27
491.50320 13
491.54544 4
491.64048 7
491.64232 10
491.81828 33
491.95952 6
492.33284 57
492.39752 56
492.41596 18
492.44240 9
492.51284 23
492.58376 38
492.65088 3
492.74792 22
492.85244 33
492.85568 13
493.13928 21
493.21280 48
493.66364 27
493.77280 15
493.87980 40
494.02816 18
494.06824 17
494.22028 29
494.27972 38
494.49548 3
494.57832 1
494.67856 27
494.86096 43
495.58392 47
495.80548 42
496.04936 44
496.31116 58
496.34248 27
496.59152 59
496.62076 23
496.68892 33
496.75092 44
496.83736 7
496.84268 17
496.87592 48
496.89692 7
496.91292 27
497.11732 57
497.16620 35
497.27996 17
497.35200 50
497.59308 49
497.67308 55
497.81264 56
497.88796 32
497.96104 20
498.02996 1
498.19408 50
498.21108 23
498.38044 36
498.50856 22
498.51472 51
498.68784 43
498.69348 4
498.72156 19
498.75436 35
498.82172 32
498.82888 47
498.97016 18
498.99704 13
499.26564 27
499.44500 21
499.46436 17
499.71120 0
499.71124 56
499.73944 22
499.80172 5
500.00852 18
500.11652 11
500.16252 13
500.20764 27
500.20784 38
500.20876 27
500.34796 10
500.37904 2
500.55292 1
500.55480 48
500.61168 9
500.62820 11
500.81836 58
500.85244 34
500.99680 37
501.05192 7
501.08880 27
501.12748 18
501.16740 8
501.23876 59
501.28356 27
501.29252 6
501.30932 42
501.31068 13
501.35088 32
501.39688 20
501.40428 52
501.57992 55
501.59668 54
501.60268 27
501.64244 19
501.68468 39
501.96180 54
501.96244 19
502.06588 9
502.20908 15
502.33620 45
502.36788 58
502.41040 57
502.47756 16
502.53976 27
502.59132 38
502.61500 27
502.67576 35
502.96636 17
503.02288 0
503.02868 0
503.04924 8
503.16580 4
503.17292 19
503.28904 27
503.34800 4
503.46548 5
503.53960 51
503.55232 58
503.75088 45
503.91504 42
504.09900 34
504.16132 44
504.24220 5
504.25352 56
504.63760 13
505.05020 47
505.05188 49
505.19568 39
505.54908 29
505.64128 59
505.65976 43
506.08136 22
506.22536 27
506.24240 59
506.32128 20
506.33280 57
506.35208 53
506.36160 38
506.38976 59
506.50020 9
506.53580 40
506.55448 58
506.93824 41
507.44308 27
507.45636 10
507.45924 0
507.46632 58
507.53732 44
507.84316 17
508.23792 47
508.29172 10
508.42120 56
508.84676 40
508.93272 5
509.05976 5
509.26348 43
509.32380 24
509.38084 12
509.40436 31
509.66744 4
509.75372 45
510.14736 50
510.39240 38
510.83060 51
510.93428 27
510.96088 45
511.21348 32
511.28280 27
511.35476 40
511.45848 20
511.58164 59
511.74892 56
511.87884 47
511.94364 46
512.00816 27
512.21852 37
512.24652 21
512.36700 41
512.85252 11
512.90084 40
512.96340 18
513.05464 15
513.34560 2
513.36712 44
513.46560 3
513.55496 21
513.65796 8
513.82784 7
513.86744 40
513.93508 9
514.07580 56
514.18088 41
514.22972 36
514.48308 12
514.53040 5
514.64252 27
514.66184 43
514.74460 8
514.74952 21
514.75716 48
515.14904 45
515.34028 20
515.42872 42
515.42984 48
515.68180 17
515.88576 6
515.90152 56
515.91980 23
515.96020 41
516.21564 50
516.26300 0
516.34184 39
516.48024 58
516.60304 13
516.63740 2
516.64820 27
516.70296 9
517.07872 9
517.22500 27
517.39808 43
517.75396 21
517.88624 47
517.92564 56
518.26068 10
518.27900 6
518.48888 7
518.61396 8
518.94648 13
519.13728 34
519.14444 59
519.17864 18
519.42404 43
519.54480 49
519.65104 20
519.83748 44
519.88388 40
520.22652 11
520.36560 27
520.40380 56
520.59120 32
520.67268 4
520.88940 51
521.07320 47
521.81700 15
521.87504 4
521.96928 50
522.02640 45
522.10720 27
522.14856 43
522.24712 17
522.27096 20
522.46184 48
523.10768 2
523.20880 0
523.43036 15
523.45832 8
523.69052 27
523.93620 3
524.00632 47
524.00904 47
524.06760 50
524.09036 41
524.24060 45
524.32980 4
524.43004 27
524.52056 2
524.52804 39
524.68008 1
524.76068 40
524.82152 9
524.99344 43
525.11464 29
525.13480 52
525.27744 56
525.35568 24
525.41056 27
525.68524 58
525.73612 50
525.92224 42
526.05904 29
526.16896 58
526.31812 27
526.32492 19
526.49616 34
526.63232 50
526.84996 46
527.14376 27
527.27032 36
527.60624 40
527.77892 9
528.06136 2
528.37368 27
528.49836 13
528.64124 49
528.84400 53
528.85140 11
528.86896 27
528.92436 8
529.11960 23
529.23480 27
529.28076 38
529.38148 57
529.54332 57
529.69256 39
529.71328 51
530.02220 27
530.04508 10
530.59492 5
530.76484 27
530.81636 22
530.85360 24
531.29028 22
531.43960 5
531.56700 2
531.61348 20
531.69320 18
531.86744 27
532.04076 40
532.24216 4
532.32620 57
532.56612 58
532.78696 27
532.99960 50
533.01380 13
533.42856 8
533.57256 2
533.61528 27
533.95652 22
533.96992 18
534.02976 19
534.05920 3
534.14964 40
534.23676 49
534.37740 21
534.41116 22
534.56452 58
534.80352 5
534.87160 20
535.00840 17
535.06632 37
535.09420 27
535.40520 11
535.87872 27
535.90368 31
535.98964 38
536.11132 42
536.13304 19
536.19380 24
536.29060 0
536.30268 4
536.45804 21
536.69340 27
536.69688 35
536.86380 39
536.99580 20
537.10580 47
537.19960 53
537.25548 27
537.32324 16
537.44652 40
537.60236 34
537.81728 36
537.82744 27
537.88392 49
538.03320 49
538.14812 21
538.38904 17
538.50420 35
538.62476 44
538.62508 17
538.83496 19
538.91612 46
538.97636 3
538.97824 27
539.23652 20
539.32904 4
539.54372 54
539.59724 56
539.65972 44
539.74128 4
539.76568 19
539.79888 27
539.97012 57
540.03920 37
540.17880 27
540.32984 59
540.43636 27
541.00528 19
541.16912 27
541.19120 23
541.46024 29
541.52704 27
541.71484 19
541.84872 9
541.85140 46
542.20112 47
542.28976 27
542.65380 50
542.72140 43
542.75232 3
542.78792 31
542.81708 12
542.84932 7
542.97292 27
542.97560 32
542.98796 57
543.06156 4
543.46752 11
543.49540 31
543.62828 27
543.71924 38
544.02160 27
544.44440 16
544.49656 45
544.51564 27
544.63504 9
544.66016 15
544.83680 52
545.05856 6
545.10052 32
545.15132 27
545.15300 44
545.19696 46
545.21108 37
545.30644 46
545.32020 56
545.33344 21
545.48364 59
545.54788 18
545.56504 58
545.59180 44
545.68044 5
545.79236 22
545.94804 27
545.99136 49
546.02200 36
546.28984 55
546.41480 40
546.43136 21
546.66036 55
546.78192 0
546.88928 52
546.89476 2
547.05712 13
547.15716 27
547.23660 55
547.30964 58
547.53280 29
547.69068 39
547.74944 6
547.78076 36
547.88636 35
548.13988 22
548.21676 49
548.37896 17
548.42872 46
548.49352 27
548.50520 34
548.74216 47
548.80500 12
548.86280 36
548.94748 52
549.38376 34
549.65720 55
549.75336 36
550.14980 39
550.28992 24
550.29212 38
550.30308 27
550.31388 0
550.48248 9
550.49652 49
550.64800 39
550.65092 27
550.66856 4
550.67944 27
550.98060 44
551.06392 49
551.26196 48
551.33068 16
551.62500 32
551.76460 42
552.04724 27
552.21488 42
552.30488 31
552.36076 35
552.46924 32
552.69216 38
552.92392 34
552.93188 13
553.11448 2
553.22188 42
553.24876 38
553.25320 42
553.42516 49
553.63820 6
553.76252 18
553.77240 48
554.45652 5
554.54832 3
555.02196 56
555.22820 49
555.22964 27
555.25572 1
555.35608 16
555.57980 40
555.63884 55
555.65004 0
555.85768 19
556.09456 37
556.33104 27
556.33160 58
556.35724 39
556.41716 41
556.56696 53
556.76736 16
556.92716 8
557.03348 27
557.39968 57
557.46496 23
557.54220 23
557.82948 21
558.00212 22
558.10036 1
558.37400 59
558.40224 1
558.41932 43
558.54928 3
558.83404 56
558.84952 27
558.97112 44
558.98632 23
559.20012 22
559.25252 39
559.26444 49
559.79864 8
559.80752 47
560.16120 0
560.16284 35
560.29776 27
560.30892 36
560.58060 54
560.65716 45
560.68992 17
560.80384 16
560.91712 55
560.93972 56
561.15124 31
561.18968 20
561.39916 27
561.44388 53
561.59004 43
561.73956 13
561.77036 39
561.92112 36
561.97536 27
562.01364 27
562.05188 3
562.11372 43
562.12232 22
562.15672 23
562.49468 8
562.59280 23
562.67188 27
562.68216 54
562.86948 8
562.97636 54
563.03896 48
563.05340 44
563.17076 51
563.20148 34
563.38500 43
563.58840 54
563.63204 41
563.69812 22
563.94520 16
564.10100 27
564.47952 45
564.67900 27
564.96360 27
565.11324 41
565.33424 29
565.56068 44
565.74120 6
566.01232 37
566.30592 1
566.51860 27
566.77200 49
566.78296 44
566.79456 37
567.02652 1
567.02672 27
567.06396 57
567.53740 27
567.59476 32
567.85516 45
567.94248 36
568.04600 27
568.05936 23
568.13176 34
568.16448 54
568.19708 22
568.43560 4
568.51808 20
568.78408 13
569.17168 21
569.21088 27
569.25360 41
569.34896 11
569.57036 13
569.63624 19
569.68736 55
569.69700 50
569.70792 17
569.83340 27
569.91284 55
569.92160 9
570.00552 46
570.02720 31
570.15736 35
570.17504 40
570.26412 16
570.50400 7
570.60292 38
570.66272 18
570.85732 11
570.87840 49
570.94000 7
571.16840 48
571.26484 50
571.32588 52
571.33348 47
571.38700 11
571.61144 39
571.77564 27
571.94808 40
572.48908 36
572.76784 27
572.79020 20
573.14952 45
573.18868 57
573.37784 27
573.48684 55
573.65552 23
573.70640 52
573.74864 23
573.99172 27
574.35116 32
574.40156 20
574.43300 45
574.83552 11
574.95292 33
575.00844 31
575.17076 10
575.43224 50
575.53236 15
575.53588 24
575.54212 27
575.66436 31
575.67260 50
575.75120 32
575.85564 18
575.95572 36
576.00524 41
576.08984 15
576.10304 20
576.20436 29
576.21432 27
576.42748 0
576.51600 41
576.89704 32
576.91064 27
576.92580 36
576.94252 32
577.15040 46
577.27436 47
577.44640 58
577.44820 15
577.58588 27
577.69816 27
577.83724 0
577.84208 7
577.95492 19
578.06760 55
578.11620 56
578.41920 40
578.80712 7
578.92888 12
578.94832 4
579.02056 27
579.10276 40
579.18088 23
579.25908 18
579.28912 40
579.49080 36
579.52824 20
579.53452 11
579.69520 4
579.97724 57
580.18028 59
580.27256 29
580.28252 27
580.29016 36
580.42796 22
580.55576 44
580.61144 4
581.03320 59
581.22296 3
581.39580 38
581.51500 4
581.61580 11
581.74320 3
581.87152 36
581.89584 57
581.93892 5
582.00464 29
582.03860 47
582.04888 27
582.10156 7
582.15760 46
582.33900 42
582.36344 58
582.49888 22
582.51220 45
582.52020 27
582.58888 3
582.68680 52
582.96576 4
583.12228 59
583.23312 10
583.89488 36
583.94076 27
583.95352 46
583.97444 40
584.12528 36
584.13224 48
584.37540 35
584.37828 1
584.67636 27
584.84684 10
584.87812 57
585.03720 36
585.20828 27
585.32164 4
585.44832 12
585.82236 27
585.82264 51
585.85408 27
585.89448 59
586.18368 49
586.27356 27
586.35924 36
586.38204 27
586.54700 51
586.60120 37
586.68340 27
586.71660 56
586.78700 22
586.90144 18
586.90696 50
586.90832 15
587.08708 40
587.22900 21
587.26156 55
587.36568 46
587.39672 49
587.40988 33
587.53204 27
587.60996 2
587.77116 34
587.83796 13
587.89272 34
588.12348 57
588.54212 57
588.55068 23
588.91660 38
589.04684 33
589.15936 49
589.53584 31
589.81992 27
590.01492 38
590.32596 41
590.51544 45
590.55396 19
590.59812 51
590.75040 1
590.78096 8
590.81912 56
590.82480 53
590.82964 31
590.86880 8
590.96544 40
591.02456 50
591.04524 7
591.14524 53
591.20612 15
591.30228 27
591.54024 59
591.54200 41
591.57524 20
591.73372 2
592.00524 8
592.17820 2
592.28388 41
592.34600 27
592.44884 13
593.06092 18
593.11584 3
593.30524 49
593.52872 16
593.53736 27
594.20868 27
594.24212 31
594.42860 31
594.64924 46
595.27824 27
595.28784 18
595.32360 5
595.52472 56
595.65216 38
595.66832 27
595.73544 43
595.77448 20
596.12788 38
596.31836 45
596.33056 53
596.35248 8
596.97256 38
597.18144 4
597.24224 59
597.33424 27
597.42408 8
597.44296 55
597.44736 58
597.75288 29
597.83296 41
597.87440 10
597.98856 48
598.19776 1
598.41972 27
598.61508 9
598.66272 34
598.73552 27
598.83404 48
598.98376 42
599.49924 18
599.68080 10
599.94376 27
600.04428 15
600.12940 3
600.22600 37
600.31920 50
600.33320 35
600.52852 27
600.77336 4
600.82088 1
601.08448 54
601.19616 19
601.26276 34
601.41844 17
601.42544 3
601.56488 20
601.64236 31
601.64980 27
601.74528 34
601.87068 42
601.87364 20
601.88400 2
602.00864 9
602.19508 27
602.29380 6
602.49080 43
602.49336 59
602.55452 34
602.75212 5
602.75644 55
602.76732 2
602.79284 33
602.84508 56
602.89808 37
603.01060 57
603.25892 7
603.37992 11
603.69520 47
604.10580 8
604.10688 58
604.14252 59
604.19496 8
604.50312 13
604.53184 39
604.61204 37
605.41608 50
605.47828 39
605.53300 12
605.66876 43
605.77896 42
605.85860 56
605.95160 2
606.25108 2
606.28308 1
606.30868 54
606.40004 50
606.50892 24
606.55172 9
606.63120 40
606.71152 21
606.74984 51
607.09048 27
607.25504 36
607.30340 13
607.54220 34
607.55392 24
607.76432 33
608.04752 5
608.14328 8
608.15068 34
608.16592 58
608.16908 36
608.63968 27
608.67340 38
608.68268 2
608.68416 51
608.98828 27
609.27340 59
609.29288 44
609.30732 55
609.34040 22
609.39816 50
609.44120 11
609.46164 44
609.59532 24
609.61760 24
609.65064 47
609.69380 27
609.83620 9
609.88964 33
609.94868 57
609.94984 53
610.41472 37
610.78316 10
610.86312 3
610.90112 46
611.24192 37
611.25296 40
611.38896 41
611.56444 36
611.93828 35
612.05620 59
612.33244 19
612.41332 42
612.48352 4
612.50740 49
612.53900 6
612.58048 29
612.81644 58
613.05592 49
613.12912 17
613.34608 55
613.57832 57
613.68096 11
613.81920 57
613.97064 1
614.02872 18
614.13732 7
614.25136 11
614.30476 46
614.31568 41
614.93632 39
614.93668 27
614.97832 41
615.03188 21
615.06084 19
615.07608 36
615.11512 15
615.22372 45
615.33220 40
615.48560 31
615.56268 37
615.62940 45
615.69472 55
615.79372 8
615.83564 32
616.23448 21
616.24072 37
616.47460 8
616.53584 59
616.58660 4
616.72684 27
616.78064 33
616.82148 18
616.87552 46
617.02620 12
617.12800 29
617.40224 57
617.50788 9
617.53024 18
617.55716 2
617.92796 0
617.98372 16
618.20292 1
618.24292 38
618.25244 27
618.63272 27
619.02504 24
619.16500 5
619.19208 20
619.19544 22
619.29808 52
619.31724 52
619.32580 38
619.39248 33
619.62600 52
619.63528 5
619.67040 27
619.87788 12
620.08804 37
620.22464 16
620.29636 21
620.59560 12
620.82352 27
621.11480 22
621.33060 13
621.33980 24
621.41348 57
621.41900 56
621.55648 47
621.56212 29
621.67240 27
621.83956 8
621.89280 17
622.34148 27
622.43864 5
622.55052 33
622.58748 59
622.63068 2
622.70072 45
622.89552 15
622.90232 27
623.10400 4
623.20984 53
623.40068 48
623.44428 44
623.45828 57
623.50552 45
623.61708 3
623.66416 47
623.76128 13
624.28444 17
624.32116 45
624.42884 51
624.48152 20
624.53592 42
624.77780 37
624.86548 18
624.96180 50
625.05296 38
625.11500 59
625.15008 36
625.36576 53
625.60232 36
625.61244 27
625.82764 21
625.87552 13
625.94596 13
625.96496 34
626.18564 9
626.39912 51
626.43828 46
626.65664 58
626.71216 36
626.72208 40
626.90504 23
627.09152 1
627.21820 41
627.24524 1
627.33504 7
627.83716 27
627.92476 4
628.02688 27
628.31236 45
628.43096 32
628.84844 15
628.87444 57
628.99804 9
629.12232 59
629.54032 45
629.54940 53
629.69984 23
629.74160 41
629.79536 33
629.87772 27
630.10868 27
630.14136 19
630.19572 54
630.26784 35
630.33600 8
630.67160 55
630.77380 0
630.81232 39
630.87348 12
631.16336 54
631.19988 27
631.31760 58
631.34796 46
631.47656 56
631.47788 43
631.56148 52
631.62320 22
631.64768 29
631.71508 37
631.92248 59
632.06896 2
632.17744 27
632.42984 32
632.45960 29
632.64740 49
633.05072 27
633.49104 18
633.58456 27
634.41152 45
634.53840 33
634.59924 56
634.79916 20
634.87092 39
634.88988 5
635.07908 37
635.61960 43
635.62732 58
636.20288 42
636.21488 45
636.38736 51
636.38932 27
636.50284 55
636.69076 42
636.69408 52
636.98324 53
637.00156 11
637.04740 24
637.60648 50
637.70972 41
638.05336 27
638.05368 21
638.07268 15
638.11904 35
638.25420 44
638.48660 11
638.86968 58
639.01976 9
639.09820 16
639.46020 46
639.52820 54
639.53668 0
639.62932 27
639.64980 51
639.69256 0
639.91896 40
639.92392 15
640.00564 51
640.31096 5
640.34972 22
640.51864 53
640.78572 8
640.85264 57
640.92056 27
641.01784 32
641.13840 58
641.21552 18
641.31884 27
641.63432 43
641.71428 31
641.98864 12
642.17252 15
642.50676 16
642.51512 10
642.69288 27
642.77700 16
642.86248 35
642.88444 4
642.98356 27
643.05252 46
643.06352 51
643.13360 43
643.14784 22
643.16104 55
643.19752 45
643.39964 22
643.41708 2
643.49756 43
643.69524 56
643.70540 19
644.08040 8
644.30604 39
644.32912 27
644.80416 42
645.20748 13
645.28988 11
645.37620 57
645.42468 6
645.60860 27
645.91840 58
646.05676 50
646.08660 56
646.21364 57
646.52764 27
646.56924 13
646.85620 15
647.16312 53
647.34592 43
647.38268 37
647.38760 8
647.56968 27
647.75480 18
647.81752 21
647.94444 59
647.97048 41
648.03096 27
648.07028 18
648.12780 47
648.40336 5
648.76380 1
648.97788 16
649.01884 45
649.03336 6
649.16980 45
649.20432 38
649.30704 21
649.66140 37
649.82508 27
649.83396 2
650.04160 22
650.06640 9
650.10716 33
650.12816 43
650.15592 1
650.46640 27
650.50140 59
650.52420 44
650.76360 44
650.82148 16
650.92460 42
650.98844 46
651.02132 27
651.34212 27
651.44624 49
651.45716 11
651.50236 55
651.57780 34
651.73988 47
651.75080 3
651.92316 27
651.92720 36
651.94572 18
652.17320 10
652.17680 20
652.22132 4
652.36192 10
652.45672 34
652.54608 59
652.71176 18
652.84708 13
652.93208 2
652.99388 18
653.10956 27
653.60680 37
653.70760 46
653.72416 39
653.76968 45
654.12540 11
654.34308 16
654.36980 41
654.64644 27
654.73404 47
654.76220 5
654.98108 42
655.04124 59
655.20040 15
655.25784 36
655.27512 27
655.66624 16
655.73748 2
655.79828 31
655.82644 38
655.98372 16
656.00580 37
656.04332 27
656.51772 33
656.60512 27
656.79304 55
656.84612 3
656.92600 2
656.95164 9
657.07920 21
657.24368 46
657.29852 41
657.35116 54
657.35720 27
657.38256 52
657.52280 47
657.75576 27
658.60236 23
658.71804 29
658.90968 49
658.91984 34
659.11732 52
659.15520 45
659.23888 5
659.29628 27
659.43892 55
659.68672 41
659.73092 57
659.76068 22
659.84608 57
659.84700 23
660.01604 49
660.02640 27
660.10720 43
660.12112 6
660.27464 45
660.35668 2
660.45592 11
660.47324 27
660.51552 19
660.55848 19
660.66276 11
660.69808 20
660.88664 27
660.91364 15
661.11420 27
661.29820 29
661.40992 54
661.47528 27
661.91000 43
661.98112 44
661.98196 24
662.18784 13
662.24544 27
662.28700 11
662.36264 27
662.42148 7
662.68368 27
662.71680 0
662.86288 5
662.93320 36
663.07144 27
663.20132 0
663.51888 5
663.55724 46
663.57164 19
663.84584 27
663.90840 36
663.98964 48
664.02104 31
664.05084 16
664.10488 2
664.17880 31
664.19340 45
664.45852 47
664.49144 27
664.69084 24
664.78116 27
665.09060 29
665.28336 27
665.32692 38
665.34124 50
665.41768 19
665.44596 34
665.47492 17
665.68900 27
665.73032 40
665.90236 15
666.07872 27
666.36152 2
666.49476 27
666.69176 4
666.77104 27
666.87536 27
667.11128 51
667.27628 49
667.30588 27
667.63088 27
667.66180 27
667.68672 52
667.69652 50
667.88744 12
667.90308 27
667.93484 36
667.93820 9
667.95720 40
667.98700 41
668.10380 55
668.11732 51
668.14432 7
668.45740 38
668.46784 50
668.59088 45
668.94928 32
668.97516 6
669.04452 27
669.06308 31
669.22916 24
669.75292 27
669.81612 17
669.84224 52
669.92232 42
670.12732 47
670.21316 0
670.22308 16
670.35972 27
670.42652 27
670.67812 54
670.73680 16
670.75948 51
670.89060 51
670.90228 33
670.94960 35
671.23676 17
671.34608 0
671.55016 54
671.55284 15
671.65660 22
671.66724 27
671.69200 10
671.70708 46
671.93696 10
671.96204 27
672.07056 6
672.33220 22
672.73972 56
673.09436 27
673.51608 6
673.57708 5
673.95844 42
674.09280 31
674.30684 20
674.54620 27
675.03880 48
675.32964 27
675.55172 44
675.63180 36
675.88888 41
676.00896 33
676.03916 27
676.63480 2
676.73724 40
676.88408 41
676.91904 16
676.93560 38
677.10432 55
677.12916 0
677.38976 27
677.42404 38
677.55204 8
677.59416 16
677.64788 21
677.68976 27
677.68992 58
677.79016 34
677.94528 50
678.17540 3
678.36520 34
678.40772 27
678.51236 15
679.02900 17
679.06096 27
679.15932 22
679.18556 35
679.55684 35
679.56424 27
679.66268 7
679.72672 33
679.86992 27
679.94156 45
680.01300 44
680.05488 22
680.12744 46
680.14756 53
680.24684 27
680.40228 51
680.46828 27
680.48364 24
680.54492 59
680.68272 43
680.77596 55
680.83752 41
680.97752 27
681.12524 59
681.15160 1
681.15652 54
681.15920 59
681.21668 58
681.51640 59
681.72312 56
681.72700 1
682.13876 29
682.19628 42
682.29740 17
682.33172 34
682.37416 5
682.37844 34
682.55312 18
682.93920 27
683.00360 19
683.24344 16
683.73304 59
683.88652 27
683.95764 8
684.01636 53
684.12184 20
684.17064 39
684.28296 24
684.44908 21
684.76652 40
684.79008 24
685.06720 1
685.10304 13
685.16236 35
685.19512 13
685.21084 34
685.21584 7
685.24548 39
685.45648 27
685.51668 55
685.53820 36
685.71004 0
685.74812 27
685.85268 47
686.22500 27
686.23576 42
686.41992 27
686.44680 37
686.73448 15
686.78028 19
686.82972 27
686.98656 43
687.05308 40
687.21592 27
687.25564 21
687.29020 46
687.66384 0
687.92212 4
688.05052 27
688.14980 32
688.22832 50
688.27108 1
688.32396 10
688.32480 42
688.36768 37
688.46208 22
688.77912 22
688.85236 9
688.86084 42
688.87692 58
688.89688 27
689.10156 50
689.15464 21
689.21464 37
689.28092 37
689.45372 27
689.51008 18
689.71328 44
689.86928 27
690.02620 40
690.11168 52
690.18412 27
690.28372 58
690.44432 27
690.46012 32
690.46616 19
691.08572 18
691.14356 52
691.16588 27
691.25824 32
691.35728 51
691.37532 22
691.45336 41
691.49600 54
691.71328 41
691.75324 27
691.81540 42
692.02800 27
692.21684 37
692.28992 11
692.35228 55
692.83580 27
692.90868 58
693.00276 55
693.12276 2
693.30284 27
693.48028 27
693.56028 6
693.61960 58
693.64292 19
693.64920 27
693.73188 38
693.74420 47
693.77124 1
693.88652 6
693.91192 55
693.94296 27
694.19444 43
694.34060 42
694.58272 1
694.66516 27
694.81728 18
695.18412 54
695.19424 51
695.39908 12
695.50112 7
695.56336 36
695.74392 17
695.84016 19
695.90140 43
695.93792 27
696.11828 27
696.13288 22
696.32828 27
696.33744 5
696.46052 4
696.51256 11
696.56044 29
696.58700 4
696.66616 27
696.69612 10
696.70744 3
696.78748 49
696.99096 39
697.07740 27
697.14424 32
697.17892 4
697.32440 41
697.42644 24
697.43812 27
697.50568 15
697.58060 13
697.63684 27
697.67336 5
697.72540 16
697.84368 32
697.92136 22
697.94340 27
698.03332 0
698.07556 48
698.12336 48
698.22248 27
698.25260 50
698.29896 38
698.45208 51
698.57632 34
698.80040 27
698.81892 3
699.04412 27
699.10856 32
699.22144 29
699.43020 7
699.50896 22
699.51452 27
699.60644 40
699.61920 49
700.01112 27
700.05024 59
700.18988 2
700.38248 27
700.51760 18
700.78532 46
700.87976 55
700.98308 5
701.02148 27
701.08784 41
701.25804 57
701.28596 57
701.29652 19
701.37872 2
701.49260 27
701.72860 44
701.78624 27
701.82852 13
701.85928 20
701.86240 23
701.88964 27
702.26852 52
702.28556 27
702.35744 46
702.39012 27
702.52248 16
702.60460 37
702.83800 34
702.96104 13
702.96984 45
703.01436 38
703.02308 43
703.15860 52
703.27984 27
703.33396 45
703.39724 27
703.42404 55
703.43392 52
704.14096 57
704.29044 15
704.31884 27
704.49308 12
704.50884 29
704.59844 27
704.64904 50
704.69512 50
704.97248 19
705.03228 36
705.18352 52
705.19152 38
705.25288 7
705.39108 27
705.53932 51
705.81552 27
706.01224 27
706.33716 49
706.39120 41
706.73264 27
706.81896 6
707.31176 27
707.39944 58
707.62852 42
707.70576 56
707.79536 27
707.80304 42
707.83400 19
707.94024 27
708.04812 43
708.49140 34
708.50184 27
708.56600 38
708.63188 2
708.72296 47
708.72988 27
708.77276 19
708.93696 37
709.10036 45
709.21024 27
709.46144 42
709.47644 27
709.73292 43
709.76572 27
709.93924 42
710.20392 40
710.33904 31
710.37900 27
710.39052 1
710.41052 7
710.43044 3
710.60884 1
710.61484 27
710.74776 27
711.07924 20
711.23492 27
711.31068 12
711.40548 10
711.43032 27
711.51024 56
711.58748 20
711.79924 27
711.96864 47
711.97236 44
712.19336 56
712.26496 27
712.45436 46
712.59228 27
712.60032 3
712.69536 17
712.79068 27
712.84728 13
712.84764 39
713.05712 23
713.06884 33
713.07700 33
713.13564 8
713.15488 27
713.15580 27
713.59172 40
713.72004 55
713.74980 2
713.90684 42
714.22320 41
714.28256 2
714.43372 27
714.55752 21
714.55880 23
715.02788 35
715.17604 32
715.18048 31
715.20688 22
715.27528 27
715.29056 11
715.32876 59
715.39004 51
715.39824 47
715.49300 38
715.66204 27
715.78248 39
715.95864 27
715.97120 13
716.08076 27
716.11876 32
716.18044 6
716.65020 48
716.79788 51
716.88376 27
716.96936 44
717.37460 27
717.40024 12
717.44148 37
717.59404 8
717.64016 24
717.92808 38
718.04800 38
718.22000 58
718.39456 27
718.52188 53
718.57232 43
718.68672 27
718.96952 51
719.25640 27
719.49208 27
719.51956 11
719.52404 56
719.73072 49
720.01152 27
720.16268 19
720.34672 27
720.41952 45
720.61448 35
720.71156 27
720.83220 59
720.83460 40
720.84748 7
720.89460 27
721.05020 55
721.09040 16
721.18124 33
721.22424 27
721.34364 27
721.40888 59
721.42944 9
721.45184 22
721.67892 45
721.69328 4
721.75456 27
721.79020 58
722.03604 8
722.14616 16
722.52924 27
722.70876 36
722.82020 27
722.86320 18
722.95132 12
722.98908 18
723.00208 37
723.04972 58
723.16508 16
723.20412 33
723.20960 33
723.29928 9
723.54464 27
723.57436 27
723.78840 55
724.19368 46
724.19948 34
724.23064 15
724.24552 39
724.28048 27
725.05420 27
725.22688 8
725.22844 35
725.68332 27
725.79852 35
725.87080 43
725.92108 19
725.98112 47
726.06664 43
726.06840 27
726.16748 56
726.34300 27
726.43432 22
726.48604 49
726.52948 45
726.60716 54
726.61328 32
726.78932 27
726.81184 44
726.82320 21
727.13108 35
727.15932 27
727.29376 35
727.37036 50
727.57836 49
727.63304 6
727.64936 48
727.66204 13
727.87000 27
728.06440 39
728.27676 19
728.44096 27
728.52828 37
728.55440 11
728.62712 27
728.77076 42
728.84636 27
728.86676 59
728.96556 47
729.04732 27
729.15280 16
729.35996 27
729.43336 36
729.46472 21
729.57620 12
729.73884 27
729.86072 1
729.89496 6
730.13036 27
730.19940 40
730.32860 27
730.40968 40
730.63296 17
730.76484 9
730.84248 52
730.92220 27
730.95028 1
730.95828 22
730.98568 58
731.02848 24
731.07112 32
731.11188 27
731.12224 53
731.34664 53
731.39104 33
731.76072 27
731.92412 59
732.29120 27
732.43188 56
732.55664 1
732.59204 27
732.88912 27
733.05620 38
733.17360 27
733.54616 27
733.56632 51
733.63952 47
733.71004 50
733.76520 37
733.94356 27
734.22632 36
734.43744 58
734.56652 51
734.70384 33
734.71132 7
734.76048 27
735.00764 27
735.08864 51
735.17956 20
735.46260 27
735.71892 33
735.82588 27
736.06772 44
736.08416 27
736.20524 44
736.24340 31
736.47088 0
737.00376 27
737.02960 1
737.10780 7
737.10968 18
737.11500 32
737.27672 27
737.89424 27
738.27600 23
738.28796 7
738.32492 47
738.33492 7
738.74872 27
738.83676 31
738.88988 31
738.94052 36
739.00488 59
739.04456 27
739.12632 56
739.37292 38
739.41180 57
739.51592 38
739.75128 42
739.81264 8
739.94024 27
740.04236 27
740.16032 58
740.43100 27
740.47716 22
740.80888 16
740.82896 27
740.89588 41
741.19008 8
741.38856 27
741.70144 58
741.81348 2
741.86184 27
741.98940 24
742.03648 40
742.20760 1
742.24540 27
742.25160 1
742.38748 2
742.49520 27
742.49740 44
742.49868 44
742.62908 4
743.04000 2
743.10136 8
743.24712 27
743.41476 4
743.47204 27
743.71256 13
743.79816 8
744.20312 27
744.21624 23
744.23216 57
744.24404 51
744.49984 38
744.56888 27
744.80664 27
744.92216 29
745.07264 51
745.22956 3
745.26004 27
745.30128 24
745.56608 15
745.87644 6
745.88220 27
746.35592 1
746.37988 27
746.63660 6
746.69260 10
746.75716 44
746.88792 36
746.97712 22
747.17848 6
747.18428 3
747.23548 5
747.27384 6
747.30556 27
747.32068 54
747.37136 9
747.43464 41
747.48820 37
747.55652 27
747.56460 43
747.57624 0
747.89252 27
747.95688 42
748.01668 12
748.10152 44
748.22800 27
748.23604 40
748.34792 35
748.51352 4
748.56792 35
748.78672 27
748.81400 43
748.82164 32
748.88012 27
748.95272 47
749.33760 27
749.48692 52
749.52432 27
749.84612 0
749.84824 33
750.09840 27
750.20044 31
750.21340 41
750.34524 45
750.36352 51
750.52256 4
750.62284 13
750.74300 27
750.74396 27
750.84804 15
750.90812 19
750.97244 27
751.24032 23
751.28884 27
751.33808 9
751.77384 42
751.79372 5
751.83764 39
751.91008 33
751.94640 47
752.02756 36
752.03160 27
752.04152 33
752.16460 24
752.17480 36
752.36068 33
752.42596 27
752.48868 13
752.72156 27
752.98992 43
753.07188 27
753.37168 16
753.87128 27
753.95912 36
754.00292 48
754.15552 27
754.29308 32
754.31724 41
754.40316 9
754.44608 10
754.56892 23
754.58000 54
754.61876 19
754.64844 27
754.72712 18
754.86324 49
754.96208 18
755.02480 27
755.03928 29
755.10840 46
755.12760 15
755.25160 55
755.33348 32
755.41616 27
755.53584 3
755.53624 11
755.54872 45
755.62840 54
755.63384 21
755.65464 13
755.68336 41
755.78600 41
756.00080 17
756.07636 1
756.20208 27
756.26620 42
756.48492 35
756.56760 18
756.65656 12
756.69052 43
756.83212 27
757.08556 7
757.10012 27
757.22972 54
757.66896 27
757.74184 18
757.91484 4
757.98888 8
758.33392 33
758.38300 12
758.51940 27
758.66792 36
758.72128 23
758.86608 15
758.98532 27
759.02696 36
759.04636 18
759.06040 15
759.37488 56
759.53132 29
759.53820 15
759.71756 22
759.74452 27
759.89480 24
759.96048 20
760.11024 27
760.15864 16
760.50924 42
760.60528 27
760.61956 58
760.79960 27
761.33772 27
761.42508 34
761.42896 0
761.67000 22
762.09056 10
762.15232 27
762.15648 40
762.26348 32
762.34072 37
762.35328 8
762.43856 10
762.48168 27
762.57292 48
762.58368 52
762.65364 24
762.67536 56
762.70072 18
762.71244 33
762.72600 18
762.74732 27
762.79216 8
762.89276 59
763.02776 58
763.13644 27
763.17316 29
763.18636 7
763.40360 11
763.54884 27
763.76956 5
763.91912 27
764.38460 23
764.46292 27
764.47416 19
764.62896 13
764.82056 7
764.82452 27
764.89308 27
764.94144 35
764.94276 0
765.16928 12
765.21852 32
765.23652 27
765.50428 4
765.52152 27
765.56836 50
765.63244 57
765.65788 46
765.71364 27
765.79500 53
765.86532 58
765.90348 7
766.39244 27
766.40360 36
766.43232 13
766.46224 6
766.53524 53
766.59244 27
766.66828 7
766.83128 39
766.91216 27
767.02304 27
767.19480 32
767.20964 44
767.37468 27
767.38656 59
767.80360 51
767.81888 35
767.84024 27
768.03196 27
768.06476 17
768.20924 36
768.43940 27
768.51052 38
768.55408 38
768.64708 27
768.84376 50
768.94044 27
769.05616 27
769.20956 5
769.41820 5
769.62028 21
769.75424 27
770.07516 27
770.58716 27
770.70316 18
770.72996 38
770.79116 27
771.07184 27
771.09492 40
771.34268 51
771.42200 27
771.43176 44
771.51720 29
771.56432 7
771.78756 27
771.98640 27
772.11976 5
772.19504 27
772.28172 48
772.54412 36
772.58256 0
772.62824 27
773.16036 27
773.30028 15
773.37848 27
773.80048 31
773.97356 22
774.09540 3
774.13408 27
774.22740 27
774.43344 43
774.49504 16
774.51856 19
774.52040 27
774.62448 59
774.63788 55
774.73144 56
774.75376 5
774.87760 27
774.90724 15
774.94172 46
775.00052 40
775.22612 17
775.23784 27
775.33284 59
775.33828 42
775.41524 9
775.82784 16
775.84180 21
775.89496 27
776.08988 45
776.26844 27
776.59124 55
776.72080 12
776.72812 27
777.00076 27
777.15604 27
777.26244 0
777.30412 58
777.56872 27
777.62668 3
777.73432 27
777.85500 10
777.94632 4
777.97496 51
778.01272 27
778.13500 29
778.35952 13
778.40840 18
778.41816 42
778.49452 27
778.56232 46
778.90240 27
778.99868 40
779.21892 33
779.46872 48
779.52044 27
779.59388 31
779.70676 18
779.74976 42
779.84920 27
779.88472 57
779.90700 33
780.12336 27
780.21912 0
780.35968 46
780.45816 2
780.55540 42
780.77076 18
780.83588 27
780.93260 0
781.02236 27
781.02756 31
781.09176 49
781.24424 32
781.30956 27
781.49364 47
781.50184 2
781.68916 27
781.73216 12
781.78408 23
782.03020 27
782.44188 27
782.47764 0
782.72760 27
782.92948 16
783.06080 10
783.13636 16
783.15388 27
783.19988 27
783.63108 42
783.69816 27
783.70848 7
784.04616 27
784.06712 18
784.22508 27
784.48288 16
784.58440 23
784.61888 27
784.82860 15
784.86860 27
784.89128 0
785.18808 27
785.18900 27
785.51880 4
785.63804 27
785.72548 6
785.82344 48
785.85836 27
785.91996 32
785.92140 27
786.31604 18
786.34800 27
786.38572 39
786.68920 45
786.89108 27
786.97968 2
787.08808 13
787.39156 19
787.63344 22
787.80800 27
787.81524 31
787.83452 0
788.05880 0
788.14960 27
788.18580 19
788.20692 31
788.53872 27
788.64792 20
788.80624 6
788.89032 27
789.02120 12
789.03316 15
789.11192 27
789.11292 27
789.25632 38
789.25676 22
789.28492 23
789.29832 0
789.38440 27
789.50696 53
789.63024 38
789.66220 27
789.78320 24
789.83392 27
789.90928 41
790.14328 27
790.38156 0
790.41716 7
790.53636 27
790.57844 24
790.78944 22
790.80400 21
790.83040 4
790.85588 27
790.88944 48
790.96624 59
791.04360 27
791.06568 45
791.21956 19
791.33896 42
791.46940 39
791.52532 3
791.57644 16
791.60872 20
791.93476 57
791.99712 27
792.02848 43
792.09460 44
792.10024 16
792.25712 27
792.32892 22
792.35760 50
792.51184 44
792.54104 42
792.75896 27
792.93472 36
793.10932 53
793.25380 56
793.26684 27
793.26816 57
793.38904 39
793.41716 57
793.54188 27
793.70452 27
793.89016 27
793.92244 27
793.97352 3
793.99320 8
794.05140 43
794.06620 33
794.22248 27
794.39340 17
794.41516 27
794.89020 27
794.89912 13
795.21080 27
795.23400 32
795.44164 4
795.61068 49
795.71164 27
795.72144 58
795.75220 52
795.77580 29
795.78832 3
795.83176 35
795.83384 23
795.95112 49
796.02960 11
796.04524 47
796.09244 52
796.10392 27
796.12456 18
796.23568 44
796.34564 19
796.36328 13
796.49772 27
796.56264 2
796.65244 40
796.76236 27
796.76404 19
796.76472 54
796.94928 22
796.95280 56
797.19748 27
797.20020 10
797.23524 24
797.25896 44
797.34700 16
797.44588 23
797.50924 27
797.61268 20
797.68340 27
797.70328 44
797.72076 54
797.79472 16
797.84908 27
797.90960 16
797.92248 41
797.99776 9
798.00584 13
798.10116 38
798.24708 27
798.42976 27
798.58724 48
798.76976 9
798.93400 27
798.98688 0
799.22940 27
799.23728 38
799.31360 1
799.43832 51
799.49856 46
799.51192 27
799.54688 29
799.79796 32
799.84212 49
799.88480 38
799.89660 27
799.93992 17
799.96416 9
800.22504 7
800.23964 27
800.35012 42
800.48284 4
800.48392 57
800.52792 19
800.56156 22
800.63700 27
800.68972 23
800.71308 54
800.72296 44
801.24500 34
801.28048 27
801.32912 20
801.37312 2
801.37420 52
801.56188 24
801.65700 49
801.66336 27
801.72412 18
801.75988 31
802.02632 58
802.05096 27
802.16044 44
802.22444 13
802.24500 27
802.36388 27
802.45336 12
802.52696 27
802.83032 57
802.89040 57
802.99456 54
803.03480 50
803.31508 24
803.32832 27
803.33748 29
803.43156 56
803.62876 41
803.66464 18
803.83876 2
803.87280 27
803.90648 16
803.93732 54
804.07056 27
804.19668 29
804.20996 22
804.25208 39
804.29724 29
804.36748 27
804.43308 29
804.69428 27
804.75700 3
804.76344 35
804.80332 18
804.84312 38
804.92804 10
804.96984 27
805.19720 46
805.20144 36
805.30500 31
805.31260 23
805.37428 59
805.39196 27
805.53844 22
805.54340 6
805.66224 24
805.70976 27
805.85340 23
805.92108 20
805.98604 27
806.07604 38
806.08484 20
806.34928 27
806.41956 37
806.44704 27
806.49408 24
806.71120 27
806.78128 56
806.99748 27
807.24984 45
807.34736 27
807.51852 31
807.62660 27
807.64928 3
807.82080 27
808.03652 49
808.14340 17
808.34388 34
808.39936 27
808.53416 46
808.71220 27
808.96196 27
808.97564 39
809.23832 9
809.29064 47
809.29552 3
809.35696 27
809.45152 9
809.55764 27
809.66952 32
809.70948 57
809.73392 18
809.73448 27
809.98232 27
810.02188 41
810.03580 8
810.03624 18
810.11784 27
810.40720 27
810.50896 10
810.61196 27
810.61904 46
810.83100 45
810.83660 6
810.86116 27
810.97772 22
811.05216 29
811.11340 27
811.18320 55
811.18596 54
811.32108 27
811.34300 29
811.46860 16
811.55440 42
811.56108 27
811.69476 27
811.74728 47
811.81816 37
811.89812 49
811.97580 27
811.98372 17
812.11524 3
812.16188 48
812.24708 59
812.30344 27
812.57756 59
812.64712 41
812.66180 27
812.76400 55
812.81344 11
812.87408 24
813.01864 22
813.06756 27
813.08672 27
813.16660 13
813.18828 27
813.24456 51
813.35920 56
813.40560 27
813.51268 52
813.56176 39
813.56604 8
813.67008 33
813.84604 27
814.03744 13
814.12684 54
814.22244 27
814.37752 7
814.38324 9
814.40364 15
814.44280 27
814.47140 18
814.51088 48
814.64424 47
814.81024 27
814.98012 5
815.12252 27
815.12412 3
815.31884 23
