1.96056 58
3.54488 42
3.64284 42
3.79768 5
3.80312 13
3.83836 2
3.95356 43
3.98164 21
3.99368 4
4.23676 52
4.60792 35
4.75144 50
4.79624 24
4.90340 13
4.94200 38
5.14580 5
5.32364 31
5.34504 19
5.44512 36
5.60544 59
5.88732 33
5.89984 34
5.97140 47
6.00536 33
6.02836 1
6.13452 4
6.15432 45
6.17992 18
6.22844 24
6.34524 27
6.38664 36
6.39200 54
6.44116 50
6.58404 49
6.71128 4
6.91672 18
6.95288 20
6.97264 47
7.18356 11
7.22572 24
7.26940 43
7.41928 24
7.63560 51
7.66520 57
7.78860 46
7.87004 27
7.89864 17
7.95580 50
8.04332 50
8.08708 47
8.51508 16
8.89484 42
8.94288 56
9.56792 41
9.88860 53
9.88872 12
10.12588 11
10.15472 4
10.17248 38
10.20684 51
10.60944 5
10.70944 29
11.22252 59
11.40300 21
11.41364 39
11.47660 50
11.47868 4
11.50192 15
11.58476 51
11.76528 37
11.78688 22
11.83424 3
12.16536 19
12.40548 56
12.43668 38
12.96600 35
13.18456 20
13.39120 32
13.47076 31
13.50880 36
13.57136 21
13.62240 8
13.67320 24
13.84344 38
13.92788 54
14.07432 54
14.19716 2
14.20792 35
14.32504 48
14.58184 31
14.61204 1
14.68180 48
14.81880 57
14.91132 4
14.98976 37
15.03800 37
15.15832 51
15.33280 45
15.36208 0
15.51692 58
15.75184 19
15.89300 57
16.16784 16
16.16984 29
16.38020 6
16.49036 24
16.64080 7
16.66924 51
16.70604 18
16.71520 27
16.71580 35
16.72128 20
17.00664 32
17.38128 43
17.49368 15
17.69088 50
17.69864 42
17.74172 40
17.79196 37
17.81880 3
17.89136 37
17.99856 35
18.07556 16
18.20484 33
18.27232 44
18.30092 50
18.46388 36
18.52924 48
18.97456 8
19.03220 13
19.45328 0
19.57656 54
19.67140 49
19.70288 8
19.70612 10
19.73460 7
20.29592 10
20.31972 59
20.33824 0
20.33828 57
20.33828 59
20.33976 57
20.33976 59
20.33980 0
20.34120 57
20.38144 58
20.38372 38
20.41256 59
20.50468 59
20.58416 13
20.59112 35
20.67636 44
20.70940 43
20.73044 33
20.80644 9
20.99024 32
21.14612 58
21.18136 59
21.20820 59
21.21092 59
21.23516 59
21.26252 48
21.33028 8
21.55796 52
21.57408 0
21.63312 17
21.85388 45
21.88936 59
21.93856 59
21.95932 12
22.03252 27
22.05088 33
22.11976 13
22.22764 8
22.27152 59
22.39052 51
22.44152 15
22.75276 59
22.75476 59
22.75560 59
22.98496 59
23.10188 54
23.10648 49
23.12796 49
23.20888 59
23.24392 59
23.26820 53
23.30812 21
23.34140 52
23.36372 59
23.61388 38
23.64824 32
23.72688 11
23.72884 6
23.73716 11
23.80488 59
23.95280 27
24.01176 59
24.05596 51
24.07424 42
24.07792 59
24.21620 54
24.26472 51
24.41472 4
24.42080 11
24.50376 22
24.60140 49
24.68232 12
24.89584 16
24.89932 32
25.03888 3
25.13164 0
25.21004 51
25.25664 2
25.40660 41
25.83224 54
26.03072 45
26.14676 44
26.40860 18
26.57968 16
26.63308 40
27.00112 32
27.25588 27
27.29272 6
27.46512 26
27.66436 29
27.81596 9
28.00512 6
28.12112 7
28.20236 48
28.41264 13
28.58592 8
28.62992 29
28.65176 56
28.69972 11
28.70808 33
28.83676 50
28.90388 54
29.38256 11
30.03852 35
30.17500 35
30.30728 47
30.38424 33
30.93692 12
30.98616 13
31.10480 55
31.41088 7
31.93036 47
32.02528 32
32.14108 3
32.36504 6
32.46744 24
32.63204 3
32.72188 2
32.73284 55
32.83484 4
32.86820 56
32.89212 58
33.05616 54
33.46040 16
33.70068 2
34.71960 46
35.53820 6
35.63952 19
35.93912 41
36.02888 47
36.10424 20
36.14704 1
36.15356 2
36.18496 54
36.37192 1
36.45500 48
37.09236 52
37.35908 33
37.41192 4
37.44096 10
37.56368 23
37.65836 29
37.79300 7
37.85348 21
37.88484 3
38.19328 40
38.48020 38
38.82708 53
39.29272 33
39.37236 40
39.45164 40
39.54876 15
39.71540 23
39.94148 51
40.26700 24
40.35080 3
40.55836 51
40.69348 27
40.72980 50
41.01792 12
41.16980 6
41.24640 29
41.53748 1
41.62964 45
41.74240 55
41.76900 34
42.13064 52
42.29556 58
42.35244 43
42.43856 19
42.62640 35
42.94364 24
43.20208 1
43.41492 27
43.52916 49
43.56008 44
43.58888 19
43.65372 18
43.88288 33
44.10672 2
44.34624 37
44.43320 9
44.79720 54
44.92668 50
45.13668 19
45.16112 27
45.36592 19
45.44832 53
45.53052 35
45.54800 48
45.59732 48
46.07316 33
46.20084 13
46.20720 40
46.60488 22
46.70772 45
46.85552 43
47.04772 11
47.37868 39
47.44288 10
47.58724 13
47.60752 53
47.62424 59
47.67120 16
48.20112 31
48.64672 51
48.65084 10
48.86332 0
48.97764 54
49.16516 21
49.45300 9
49.67052 52
49.97444 52
49.98780 22
49.99464 21
50.09188 31
50.23316 11
50.24576 19
50.25096 36
50.52420 35
50.55444 19
50.61828 56
50.61992 9
50.62020 53
51.42828 0
51.75092 51
51.77876 38
52.33612 52
52.38384 57
52.40696 41
52.88208 41
53.16304 44
53.25516 7
53.48300 1
53.50192 3
53.59988 59
53.66592 22
53.87568 0
53.89236 20
53.92096 36
53.93036 15
53.94956 45
53.98508 57
54.00176 55
54.01684 12
54.48028 7
54.52672 53
54.55772 23
54.80224 56
54.86304 55
55.04080 13
55.09284 38
55.62248 9
55.63836 7
55.64568 36
55.73884 37
55.90812 12
56.26096 36
56.48380 1
56.56712 49
56.61992 54
56.66572 10
56.99256 17
57.41680 2
57.67684 44
57.74468 35
57.95284 29
58.12484 52
58.87212 5
59.07288 15
59.34384 57
59.36676 59
59.44004 39
59.44020 42
59.44084 56
59.51800 54
59.76892 53
59.90884 23
59.97004 54
60.18464 34
60.21892 3
60.23836 9
60.49444 33
60.50204 42
60.66788 4
61.05908 56
61.24004 12
61.24508 31
61.29476 45
61.33596 22
61.42500 9
61.52320 8
61.52516 9
61.66036 54
61.70008 21
61.71144 6
61.72060 45
61.85868 32
61.97428 10
61.98536 53
62.45732 35
62.55412 29
62.57332 41
62.64104 3
62.69976 2
62.74096 29
62.80936 15
63.03156 42
63.24924 36
63.41136 35
63.57848 1
63.98240 19
64.02800 10
64.24060 55
64.28920 59
64.39212 15
64.43312 0
64.52876 18
64.57688 16
65.26704 43
65.31852 30
65.56676 27
65.63192 48
65.63224 4
65.63268 51
65.82284 50
65.89788 3
66.37364 48
66.43316 11
66.49704 20
66.67392 9
66.95312 58
66.95632 53
67.44368 35
67.60124 54
67.70304 8
67.99852 23
68.07560 24
68.35388 36
68.38628 4
68.43984 1
68.55040 32
68.93688 21
69.17992 44
69.37688 9
69.41832 22
69.54860 12
69.77468 17
69.85724 35
70.22716 46
70.23780 17
70.37904 11
70.50604 41
70.51180 52
70.53024 0
70.63460 43
70.75028 54
70.87220 56
70.96628 24
71.04556 29
71.15340 51
71.45256 54
71.76936 10
71.80936 47
72.31916 5
72.44056 34
72.44888 46
72.46692 53
72.55492 35
72.75152 16
72.83864 1
72.98280 23
72.98752 19
73.66152 18
73.67996 29
73.80584 56
74.07332 56
74.09856 23
74.79908 39
74.89860 33
75.08076 56
75.32368 59
75.32476 37
75.44244 32
75.65912 23
76.00124 50
76.26080 49
76.36480 46
76.42288 27
76.50964 43
76.58172 11
76.58656 46
76.59360 8
77.00136 20
77.00728 40
77.18928 20
77.25004 6
77.34640 6
77.37144 50
77.42764 19
77.43960 29
77.44372 53
77.49964 48
77.54000 2
77.60140 24
77.66580 36
77.74852 5
77.95432 51
77.97856 17
78.37396 16
78.42628 8
78.43752 56
78.57276 21
78.76516 20
78.83372 21
79.21024 45
79.27288 5
79.29960 35
79.38008 47
79.51712 13
79.72116 37
79.76888 1
79.77860 47
80.04288 16
80.32676 56
80.43744 48
80.53600 0
80.67416 48
80.73380 42
80.86936 37
80.92656 55
81.03580 54
81.24652 12
81.31580 8
81.44284 13
81.47776 29
81.62916 47
81.86640 12
81.93172 40
81.95580 54
82.01724 1
82.41640 43
83.00004 57
83.20272 16
83.45048 12
83.46228 39
83.56160 43
83.57768 27
83.79416 36
83.90588 47
84.01592 17
84.21232 13
84.34980 10
84.37888 10
84.51288 42
84.72336 2
84.75224 54
84.80900 32
84.87452 10
84.89644 29
84.92988 35
84.95240 6
84.99576 51
84.99956 1
85.61052 38
85.62488 51
85.65588 36
85.66088 15
85.66672 31
85.80576 22
86.02300 11
86.10316 23
86.16104 33
86.47224 39
86.48144 19
86.50444 27
86.86640 10
87.02144 12
87.26728 7
87.29252 8
87.30496 19
87.37860 37
87.53968 17
87.54028 54
87.61152 23
87.63424 43
87.63456 19
87.64100 1
87.81304 47
87.94276 2
88.11308 52
88.30060 13
88.34024 15
88.47716 8
88.52548 13
88.57816 16
88.57916 15
88.74428 47
88.83932 33
89.14256 34
89.22108 10
89.30180 43
89.30840 58
89.52248 48
89.95152 12
89.98468 13
90.09956 53
90.12588 51
90.21728 45
90.22580 50
90.31148 22
90.58168 3
90.79064 37
90.83236 38
90.96548 31
91.14380 32
91.20940 22
91.23388 12
91.38344 50
91.79804 53
91.81080 32
91.81336 21
91.86040 15
92.02780 31
92.13980 22
92.85472 8
92.92716 5
92.93460 50
93.12232 43
93.15960 45
93.20352 34
93.25428 2
93.40684 22
93.71384 35
93.77052 39
93.88852 10
93.89992 57
93.98520 20
94.27776 43
94.40112 23
94.49408 32
94.92268 6
95.30148 34
95.41040 15
95.43876 57
95.46644 22
95.55716 18
95.60596 56
95.69444 4
95.88400 24
95.95652 35
96.04868 5
96.13168 17
96.46892 39
96.49468 47
96.52340 33
96.56368 41
96.61300 20
96.70220 48
96.89100 38
97.03772 48
97.11184 20
97.13412 41
97.19876 33
97.23368 58
97.62552 23
97.68124 17
97.90216 10
98.03624 54
98.38592 20
98.39512 33
98.49496 38
98.51256 38
98.92572 1
99.03080 24
99.16944 50
99.32416 20
99.38560 6
99.42124 20
99.42556 38
99.88376 47
100.01496 8
100.12860 19
100.17648 49
100.22848 40
100.26968 46
100.58804 56
100.60940 27
100.73524 36
100.77056 24
101.20960 34
101.21104 37
101.43000 24
101.53804 16
101.54228 36
101.89244 8
102.03840 47
102.11500 56
102.21152 8
102.38644 45
102.47948 35
102.50680 10
102.57508 36
102.78852 53
103.30756 21
103.46600 57
103.49280 4
103.64888 56
103.88076 16
103.93312 9
104.05072 34
104.55716 33
104.78632 9
104.84708 23
105.09048 19
105.17408 58
105.24004 3
105.29444 40
105.36612 19
105.37248 8
105.37664 20
105.38368 33
105.57004 47
105.67536 15
105.70208 52
105.83376 52
105.85920 52
105.92084 15
106.43452 27
106.50220 56
106.80308 23
106.91496 44
107.07912 5
107.10320 37
107.12380 19
107.21572 0
107.23232 55
107.65440 34
107.68180 3
107.72880 36
107.86712 15
108.03436 17
108.09896 53
108.22736 22
108.50644 35
108.51276 19
108.55116 10
108.58204 33
108.66892 56
108.75452 46
109.17388 59
109.19324 40
109.19392 6
109.29476 27
109.47992 19
109.56408 54
109.57544 6
109.86068 11
110.03408 32
110.03576 24
110.06416 0
110.11432 29
110.14672 3
110.31524 23
110.36132 23
110.84000 1
110.85992 20
110.87304 22
111.02388 3
111.02780 53
111.35156 15
111.62248 42
112.16964 31
112.22116 12
112.51148 0
112.91084 15
113.31472 59
113.37696 2
113.38040 2
113.46420 57
113.48872 55
113.57368 58
113.81752 2
113.82496 34
114.05372 13
114.26388 52
114.55260 42
114.55556 16
114.57516 35
115.05080 18
115.13584 36
115.15276 42
115.57464 16
115.60408 50
115.70880 36
115.87608 21
116.01872 41
116.03128 48
116.03236 37
116.06836 32
116.08480 36
116.67184 41
117.02216 8
117.32588 58
117.41404 13
117.58912 55
117.65644 48
117.77508 6
117.89672 51
118.47188 1
118.85560 0
118.87524 54
118.98716 58
119.01036 0
119.37688 4
119.56348 40
119.83188 48
119.92576 10
120.01028 22
120.04436 45
120.15636 3
120.23156 5
120.25764 33
120.88228 56
120.93072 24
121.15088 22
121.25956 7
121.42824 53
121.79320 7
121.79796 13
122.27228 9
122.30100 23
122.50796 54
122.64180 41
122.88244 24
122.98608 16
122.99300 21
123.11964 7
123.28432 47
123.41272 39
123.71376 19
123.90204 58
123.92084 42
123.92872 34
123.96480 9
124.04680 54
124.43424 44
124.44544 36
124.45308 23
124.80204 4
124.86616 49
125.08984 54
125.29612 48
125.31464 53
125.39704 17
125.62276 42
125.62532 1
125.75736 45
125.82788 33
125.98912 29
126.16568 39
126.68252 58
126.83032 33
126.87348 12
126.88448 43
127.07788 17
127.16044 55
127.26284 19
127.34072 48
127.76328 11
127.82348 9
127.83260 5
128.02208 32
128.10700 12
128.30820 23
128.64900 48
129.20120 24
129.20996 32
129.34188 27
129.82696 4
130.00256 54
130.07584 0
130.08140 49
130.09356 5
130.15568 22
130.29004 20
130.30368 13
130.30836 19
130.35196 43
130.90120 46
130.99968 6
131.01768 23
131.04312 32
131.04684 56
131.17860 39
131.28736 51
131.37828 56
131.50948 36
132.06744 27
132.34052 43
132.40964 16
132.52544 0
132.61536 47
133.40552 4
133.56088 47
133.82084 57
133.96620 57
133.96872 36
134.27840 35
134.34876 55
134.63772 58
134.96536 43
135.20076 55
135.23044 55
135.40952 10
135.49460 9
135.57704 11
135.84848 49
135.93608 40
135.93800 4
135.97084 27
136.22988 13
136.37836 13
136.43460 52
136.69496 12
136.72416 54
136.87864 34
137.30560 58
137.31900 3
137.51724 54
137.54180 20
137.56944 18
137.59592 18
137.61596 49
137.64592 18
138.08588 27
138.38588 48
138.42792 2
138.49956 42
138.51600 53
138.59028 8
138.67092 53
138.87372 48
139.15512 24
139.47872 47
139.91568 37
140.20156 33
140.32456 35
140.35104 21
140.47396 45
140.49136 41
140.51056 56
140.58084 9
140.63524 47
140.73124 48
140.98160 53
141.15988 29
141.29816 18
141.50968 8
141.62328 29
142.10004 58
142.29924 19
142.48920 4
142.49304 13
142.66576 18
142.67084 55
142.67572 21
142.70896 33
142.95368 23
143.00500 9
143.03056 29
143.72796 2
143.85736 40
143.87940 42
144.03712 24
144.33168 0
144.75304 19
144.95916 10
145.26540 6
145.83388 35
145.85932 51
146.10600 6
146.61704 24
146.93124 51
146.96608 37
147.06136 10
147.12916 31
147.17332 7
147.34204 1
147.35704 40
147.41016 45
147.42056 54
147.54720 11
147.84032 41
148.24620 29
148.55532 16
148.67932 43
148.90976 58
149.42524 31
149.46932 36
149.59564 24
149.59564 57
150.04040 53
150.19084 53
150.29516 54
150.53980 22
150.68184 9
150.68672 38
150.78060 32
150.78084 33
151.09784 58
151.39100 56
151.39136 20
151.41428 23
151.42792 44
151.45440 7
151.87960 33
152.16120 49
152.16824 17
152.92768 44
152.94608 3
152.97656 8
153.11432 21
153.21044 37
153.26168 4
153.37656 41
153.51076 57
153.64440 39
154.00536 29
154.11684 58
154.21428 20
154.30332 48
154.53216 59
154.55808 19
154.60856 21
154.83348 27
155.03148 38
155.13396 29
155.24068 36
155.37128 11
155.55904 32
155.80832 16
155.91628 15
155.94088 10
156.09396 41
156.13688 40
156.67704 44
156.70460 13
157.10168 46
157.44724 37
157.82000 40
157.90292 36
158.22628 10
158.23564 53
158.48104 12
158.65400 29
158.84164 27
158.84416 7
158.87608 53
158.91904 57
159.07164 47
159.11980 27
159.19856 59
159.24004 6
159.32112 34
159.65592 43
159.88812 10
159.99764 20
160.03792 33
160.08996 13
160.26248 9
160.26776 47
160.27920 4
160.52536 23
160.58388 50
160.62856 41
160.83380 44
160.89940 54
160.96820 56
161.00144 47
161.13356 51
161.25784 39
161.30004 8
161.40376 7
161.47880 4
161.55944 50
161.61348 54
161.61668 3
161.81572 54
161.99356 44
162.00452 18
162.07852 37
162.46112 32
162.54836 41
162.80480 18
162.84992 2
162.95444 57
163.08704 57
163.12216 17
163.23124 52
163.25740 32
163.28464 23
163.31292 52
163.56852 9
163.99668 12
164.15776 47
164.36860 6
164.53516 54
164.56412 47
164.71404 40
164.79152 34
164.91376 41
164.94932 16
164.96660 50
165.02956 13
165.26256 27
165.89072 41
166.17260 35
166.23208 35
166.27380 23
166.28516 36
166.45336 24
166.53792 49
166.79860 48
166.97964 22
167.13576 22
167.13636 43
167.20956 31
167.37484 34
167.89156 24
167.93508 36
167.94612 32
168.00752 54
168.30364 44
168.31384 10
168.60948 44
168.64144 5
169.04500 46
169.21392 37
169.47960 4
169.48100 49
169.50236 50
169.65992 8
169.74660 24
169.92324 41
170.03856 41
170.17592 9
170.57396 16
170.59684 0
170.68688 38
170.70340 45
170.97180 40
171.03336 54
171.08932 16
171.14352 23
171.33104 7
171.43208 9
171.72476 17
171.78016 17
171.93660 45
172.06548 45
172.36932 10
172.37508 18
172.69036 52
172.75872 27
172.84576 13
172.88204 27
173.02556 39
173.06692 18
173.20708 33
173.21312 47
173.30068 24
173.37544 8
173.52948 27
173.53316 45
173.66836 4
173.71048 23
173.72468 43
174.30116 56
174.37292 2
174.40588 27
174.40780 11
174.52740 17
174.52936 19
175.04948 1
175.25396 21
175.26268 58
175.50980 13
175.58560 52
175.64896 49
176.03828 52
176.10188 12
176.17992 12
176.19832 15
176.50952 59
176.58092 52
176.63640 17
176.65920 0
176.77724 2
176.78708 50
176.89032 19
176.97504 13
177.01848 54
177.18532 33
177.27244 10
177.46852 17
177.47284 11
177.48256 32
177.61796 42
178.19696 45
178.20864 47
178.28284 13
178.59844 5
178.68608 6
178.69052 58
178.69408 12
178.81252 20
179.13888 56
179.33828 36
179.85120 52
180.25568 37
180.44920 50
180.46848 22
180.47956 49
180.72076 49
180.73848 7
180.73928 51
180.76028 7
180.92800 29
181.71488 42
181.92584 9
181.94920 11
182.01036 59
182.11156 36
182.48136 57
182.48596 48
182.56332 37
182.71496 58
182.85840 9
182.86660 13
182.99564 27
183.00692 58
183.24908 37
183.26144 39
183.48300 27
183.51220 10
183.56112 24
183.59988 48
183.64188 41
183.78772 11
183.84020 56
183.85588 58
183.92424 24
183.93096 49
184.05240 41
184.51300 8
185.07228 38
185.30820 33
185.36780 33
185.50120 27
185.59020 15
186.05136 58
186.66340 19
186.69780 52
186.84352 27
186.92080 7
187.02540 40
187.02988 36
187.10780 33
187.24376 23
187.24724 57
187.73140 34
187.79204 24
187.97612 15
188.03976 11
188.17752 1
188.40160 54
188.76104 5
188.96256 13
189.38200 51
189.55328 8
189.58368 8
189.62880 8
189.73508 1
189.75144 55
189.90544 49
190.39936 4
190.47568 7
190.57912 55
190.58084 2
190.60488 15
190.66960 13
191.13728 19
191.39836 11
191.40808 3
191.56528 59
191.68060 50
191.91184 19
191.93884 55
192.15152 10
192.15608 27
192.47176 24
192.51756 18
192.52352 32
192.64108 44
192.78404 2
193.06140 40
193.10824 17
193.33504 38
193.61128 3
193.65292 51
193.98500 23
194.05152 4
194.43112 6
194.49956 47
194.52924 21
194.59580 47
194.88184 21
195.22728 9
195.79604 5
196.07000 36
196.13708 20
196.14260 8
196.17820 27
196.24628 42
196.50808 43
196.86552 59
196.96424 12
197.04164 52
197.31220 39
197.31996 42
197.42888 54
197.44524 35
197.70508 20
197.78712 2
197.95620 10
197.99136 24
198.02900 22
198.10656 50
198.11788 5
198.14056 56
198.33460 41
198.57948 1
198.58304 44
198.71820 27
198.74284 7
198.81072 26
198.93468 52
199.03920 1
199.65412 35
199.76136 44
199.91892 15
200.01692 45
200.37408 9
200.94940 44
201.02488 22
201.03296 15
201.38304 9
201.40568 55
202.03572 7
202.13716 10
202.22228 50
202.27120 58
202.56460 46
202.92176 29
202.95048 48
203.82776 20
203.95528 52
203.97412 3
204.19032 40
204.68444 48
204.76380 7
204.90296 20
204.99508 32
205.04240 17
205.25976 20
205.78708 47
205.82548 1
205.91580 2
205.98156 21
206.19104 16
206.28024 46
206.69128 8
206.72236 8
207.27312 42
207.30316 18
207.34712 8
207.38140 47
207.39512 2
207.43912 20
207.53676 33
207.74408 52
207.76856 2
207.96856 42
208.02324 18
208.09396 5
208.25808 8
208.55664 32
208.68276 59
208.76784 40
208.94464 22
209.25400 5
209.31460 43
209.39632 0
209.59080 11
209.70760 40
209.72576 47
209.75688 53
209.92716 32
209.97128 51
210.00192 53
210.12180 47
210.19492 16
210.56088 40
210.76796 15
211.07260 42
211.08908 34
211.13080 16
211.17636 55
211.36956 48
211.39200 7
211.66248 32
211.67596 23
212.17532 20
212.25196 41
212.27528 32
212.29188 50
212.42716 59
212.63860 17
213.04824 44
213.27920 2
213.88544 19
213.88772 0
213.90220 19
214.10664 50
214.19456 38
214.25952 58
214.83568 59
215.01880 58
215.24468 35
215.30112 10
215.35552 17
215.54288 31
215.63696 3
216.16992 20
216.26632 38
216.47624 44
216.58356 50
216.80004 31
217.00760 59
217.61712 9
217.67400 58
217.74176 56
217.77432 36
217.85348 12
217.92544 24
218.01940 6
218.27092 8
218.34532 57
218.98776 53
219.03288 27
219.12044 51
219.48344 40
219.59324 52
219.72580 27
219.74024 32
219.74180 59
219.91036 53
219.94080 12
220.09324 47
220.57512 39
220.58328 27
220.67504 24
221.20728 19
221.22768 6
221.33212 9
221.36744 52
221.39460 55
221.66868 4
221.72372 6
221.74252 56
221.91760 52
222.07092 52
222.26728 32
222.34420 10
222.44044 2
222.46048 2
222.61348 40
222.73400 9
222.76072 0
222.92516 52
223.31896 18
223.36512 44
223.51468 27
223.64908 53
223.80136 22
223.86816 29
223.88408 33
224.25196 1
224.28040 0
224.31284 35
224.52216 53
224.79400 38
224.93208 4
224.97104 58
225.12200 27
225.42964 2
225.60884 22
225.68688 6
225.71900 49
225.73948 29
225.86188 5
226.06344 42
226.20008 55
226.30592 15
226.58440 43
226.66052 33
226.67700 32
226.77728 48
226.78704 20
226.80528 52
227.13120 44
227.14260 24
227.30576 43
227.32660 55
227.39480 22
227.55700 47
227.95572 12
228.10484 38
228.13520 27
228.14584 15
228.23536 5
228.62192 16
228.81752 9
229.01172 52
229.06096 10
229.36312 58
229.45348 37
229.61772 48
229.67856 24
229.70072 1
230.04932 15
230.10140 58
230.14904 15
230.16036 2
230.28812 33
230.40744 59
230.50864 46
230.92716 51
230.98844 56
231.07188 52
231.21864 31
231.34804 2
231.72100 45
231.74200 2
231.87308 15
231.88088 1
232.29044 31
232.39248 27
232.70952 17
232.90516 10
233.05960 31
233.50096 22
233.78104 50
233.87796 56
233.88512 24
234.08924 42
234.21596 15
234.28016 46
234.53860 36
234.88192 20
234.99868 52
235.29804 8
235.41808 11
235.46776 48
235.55392 5
235.92728 49
236.00636 50
236.19844 16
236.34484 5
236.54772 29
236.67976 45
236.93652 13
237.25476 48
237.57092 21
237.59892 44
237.69456 39
237.89080 22
237.95016 39
237.97084 32
237.97440 36
238.08332 48
238.18588 43
238.30188 39
238.30732 19
238.36740 36
238.47276 56
238.50432 43
238.65676 36
239.27176 13
239.27348 23
239.33848 43
239.34556 3
239.39136 41
239.65416 40
240.40340 48
240.47016 8
240.51932 24
240.55688 54
240.69580 55
240.78252 21
240.96876 56
240.98616 3
241.01052 20
241.01520 16
241.08276 40
241.35548 41
241.58060 1
241.58740 13
241.82492 21
241.89076 27
241.96660 12
242.39312 5
242.49312 57
242.78216 12
242.80788 58
243.07328 22
243.24892 48
243.26288 16
243.58844 13
243.77024 12
243.80048 32
243.83320 11
243.89196 6
243.93128 29
244.06776 32
244.14788 43
244.39728 51
244.46584 15
244.60752 7
244.70196 24
244.76384 3
244.78352 12
244.80040 32
245.25272 41
245.30680 53
245.46204 29
246.36976 33
246.43908 18
246.46292 52
246.48196 19
246.57752 4
246.71808 17
247.00716 51
247.38064 41
247.48124 16
247.76908 17
247.89104 35
247.97084 36
248.18112 4
248.28604 31
248.34668 31
248.35456 8
248.64268 41
248.69660 57
248.83764 34
248.93496 20
248.99900 2
249.21132 7
249.22348 34
249.37524 42
249.38436 8
249.60624 39
249.67132 21
249.94920 10
250.01308 7
250.05336 47
250.28764 24
250.51048 32
250.58724 48
250.91004 31
251.07648 10
251.32364 11
252.00136 43
252.08020 39
252.15760 10
252.24528 10
252.52544 39
252.53576 12
252.59208 42
253.09028 59
253.14412 55
253.29716 21
253.51420 50
253.66540 38
253.89300 57
253.90224 11
254.16196 36
254.31992 27
254.32332 44
254.58584 11
254.61036 45
254.94580 8
255.42640 20
256.43360 52
256.50240 42
256.51360 46
256.64412 38
256.73792 8
256.77460 29
256.82920 10
257.11300 53
257.46080 13
257.51628 7
257.54792 55
257.60152 1
257.79336 42
257.86700 38
258.23344 3
258.28144 11
258.39576 0
258.41756 7
258.50716 41
258.57180 34
258.76112 1
259.02332 23
259.13432 7
259.20188 53
259.28420 41
259.46532 13
259.52648 59
259.53524 29
259.58984 23
259.62032 3
259.72200 50
259.74328 19
259.79468 2
259.87000 12
260.17080 43
260.18924 41
260.30296 9
260.43840 37
260.44868 41
260.46072 24
260.48820 6
260.56192 10
260.59220 7
260.71100 53
260.82776 58
260.84840 43
260.97576 41
261.04056 10
261.14032 31
261.22864 17
261.81120 40
261.88836 1
261.95956 22
262.24768 55
262.85984 39
262.95576 2
263.16388 24
263.26664 33
263.28396 53
263.41100 38
263.55156 55
263.68136 34
264.01072 21
264.11520 48
264.12816 35
264.15032 59
264.24532 48
264.49772 47
264.70816 45
264.75744 41
264.83504 39
264.97652 51
264.98872 32
265.05432 58
265.13376 33
265.46200 24
265.49316 37
265.52456 10
265.58160 42
265.80084 43
265.98344 9
266.31860 35
266.43000 42
266.50928 1
266.55312 55
267.20316 4
267.35448 36
267.47712 3
267.59516 4
267.61468 40
267.64172 4
267.75140 37
268.19196 35
268.19304 18
268.27464 29
268.31556 10
268.38620 44
268.42576 29
268.60756 11
269.01848 10
269.02460 48
269.02576 7
269.04500 10
269.15640 59
269.21008 18
269.25348 6
269.27976 51
269.44568 34
269.88688 12
269.97320 34
270.11720 2
270.57444 23
270.64028 48
270.91424 54
271.31540 35
271.33936 23
271.35192 10
271.36092 0
271.90088 43
272.14860 50
272.44108 52
272.46224 13
272.57588 16
272.84308 23
273.09920 55
273.34604 19
273.41716 50
273.79912 0
273.80656 59
273.84696 41
273.85436 32
274.09164 36
274.22244 38
274.22756 58
274.22936 58
274.66452 0
274.69180 38
274.97852 24
275.29412 48
275.30316 15
275.35964 41
275.36484 35
275.66200 10
275.67380 55
275.97436 33
276.01308 45
276.02060 16
276.35904 42
276.42976 7
276.57540 22
276.66676 22
276.73452 59
276.75616 9
277.09428 1
277.36760 31
277.52612 51
277.59032 46
277.86284 48
278.27836 50
278.67988 4
278.94924 21
279.00528 47
279.27484 17
279.38320 51
279.39472 33
279.83092 20
280.05220 53
280.08024 17
280.09708 21
280.23208 9
280.26876 32
280.33588 9
280.57400 32
280.69312 32
280.86868 20
280.92924 1
281.01756 43
281.16744 6
281.25100 59
281.59012 23
281.67032 36
281.79336 20
281.96220 12
282.01188 6
282.30736 7
282.34840 19
282.63596 46
283.14712 5
283.24076 4
283.47656 16
283.52276 31
283.56308 0
283.71484 9
283.73980 50
283.80932 52
283.83468 29
284.02976 47
284.10168 13
284.12448 9
284.31680 27
284.42180 18
284.65048 53
284.75396 48
284.82484 59
284.89396 9
284.94712 7
285.06464 50
285.14952 0
285.16360 22
285.31876 36
285.79572 53
286.18528 9
286.62764 39
286.65336 56
286.98220 16
287.21420 33
287.37792 3
287.45428 23
287.48568 46
287.61284 3
287.61860 59
287.84748 11
287.90464 43
288.29768 11
288.36156 55
288.42896 49
288.80688 2
289.03460 44
289.32940 49
289.38820 49
289.69736 33
289.85040 16
290.01744 50
290.10244 56
290.40264 11
290.41776 39
290.56820 24
290.77052 37
291.01132 49
291.01876 21
291.13980 4
291.14632 27
291.17308 35
291.23404 53
291.29328 54
291.29600 11
291.31700 23
291.39780 53
291.51252 8
291.57236 4
291.64236 59
291.66600 51
291.71288 36
291.74596 41
292.33556 48
292.33568 34
292.79676 42
292.82616 50
293.23516 1
293.34156 32
293.41036 41
293.47168 40
294.01796 49
294.11836 13
294.34008 51
294.84120 56
295.25516 8
295.46776 1
295.47308 41
295.84640 40
296.13372 22
296.13736 6
296.18672 44
296.29532 58
296.32748 41
296.36728 59
296.80012 33
296.86964 33
296.95452 32
297.24500 35
297.34364 6
297.34972 48
297.39128 53
297.47932 41
297.76248 47
297.80992 12
297.88020 57
298.01528 54
298.18460 32
298.23440 27
298.24792 31
298.36048 46
298.67164 21
298.84840 43
298.96064 27
299.24484 31
299.35972 58
299.40048 24
299.54252 55
299.54432 12
299.56804 54
299.71452 15
299.93028 54
299.95504 52
300.13852 1
300.25548 34
300.30408 24
300.31236 2
300.32724 36
300.35952 16
300.36788 39
300.56244 22
300.58932 51
300.84792 55
300.95368 42
301.17884 48
301.41076 16
301.57708 35
301.63172 27
301.73920 9
302.19264 1
302.24740 56
302.26824 0
302.46480 51
302.46928 39
302.49164 55
302.59020 36
302.64660 7
302.78180 40
303.01500 16
303.06764 6
303.43512 23
303.75548 23
304.34108 5
304.35944 22
304.42004 15
304.55908 24
304.62052 2
304.64672 29
304.70212 1
304.72320 24
304.86100 17
304.92996 21
305.11772 18
305.27040 22
305.42208 34
305.48048 29
305.66360 10
305.67436 43
305.79228 56
305.84212 6
306.05184 46
306.11432 52
306.49068 57
306.50740 56
306.50948 15
306.62700 27
306.77292 38
306.95128 21
306.96292 6
307.11580 9
307.30304 32
307.34300 48
307.60820 45
307.61708 23
307.64652 55
307.88936 41
307.94672 20
308.04416 59
308.46928 58
308.56484 27
308.57148 18
308.73908 52
308.84880 36
308.96548 40
309.31664 9
309.36960 36
309.61720 50
310.04432 19
310.11076 4
310.26892 5
310.27924 37
310.52832 12
310.62664 18
310.69572 57
310.84372 47
311.03840 55
311.06600 1
311.20892 56
311.33752 50
311.67064 52
311.67232 55
311.79896 22
311.91232 51
311.92344 3
312.03288 5
312.16160 59
312.16260 11
312.58864 3
313.02548 32
313.12008 29
313.29096 1
313.31736 36
313.64384 33
313.68788 6
313.80780 27
314.48560 57
314.57976 22
314.60696 53
314.66380 42
314.80232 47
314.93200 16
315.10884 35
315.17764 58
315.37656 11
315.80844 46
316.20720 5
316.43032 35
316.50572 50
316.56604 20
316.73520 43
316.89812 57
316.95396 31
317.01240 24
317.03164 3
317.17472 5
317.77476 13
318.02352 27
319.12560 37
319.15600 3
319.45760 48
319.48740 40
320.02284 59
320.08104 43
320.18484 10
320.31696 34
320.40252 29
320.52500 41
320.55036 56
320.55352 56
320.64888 10
320.78908 27
320.93780 32
321.14856 50
321.17424 33
321.50824 2
321.54960 58
321.59576 41
321.62968 1
321.95144 2
322.34616 2
322.60000 17
322.72460 47
322.77148 35
322.91744 3
323.20236 57
323.30544 10
323.36584 18
323.48588 3
323.72284 32
323.72968 27
323.94116 20
324.03592 50
324.17996 3
324.18012 54
324.23104 45
324.60920 11
324.69064 29
324.75284 48
324.95188 7
324.95496 16
325.25724 8
325.32052 33
325.48712 43
325.49328 6
325.49712 3
325.61100 7
325.81020 37
325.99016 45
326.05388 49
326.09640 51
326.14384 50
326.33836 47
326.62792 35
326.80692 11
326.80884 40
326.86856 49
327.27804 58
327.52428 20
327.56560 41
327.66328 15
327.97352 15
328.28556 11
328.59316 21
328.88456 53
328.95272 6
328.97996 39
329.01524 31
329.08052 27
329.17996 53
329.18092 31
329.39000 13
329.40744 53
329.67092 13
329.75588 20
329.78408 6
329.93616 24
330.16736 47
330.41508 1
330.47564 43
330.68888 13
330.75804 56
330.95332 33
331.06576 52
331.11860 12
331.16276 35
331.20944 58
331.23660 52
331.39012 43
331.40012 8
331.50076 50
331.65364 6
331.66644 45
331.72140 18
331.94404 54
332.44136 13
333.01948 48
333.04044 47
333.22916 17
333.36060 40
333.39344 12
333.55704 36
333.90620 10
334.15748 56
334.30828 58
334.39040 1
334.54416 33
334.66820 52
334.74088 41
334.75832 42
334.92700 1
335.01044 10
335.85696 16
336.18356 37
336.28212 57
336.92940 20
337.11240 4
337.14784 58
337.68952 57
337.72788 57
337.83448 22
337.83964 43
338.02912 1
338.27472 40
338.36684 49
338.38176 49
338.59048 58
338.67988 46
338.78844 49
338.80700 46
339.01648 47
339.03784 10
339.04464 34
339.26076 10
339.28684 33
339.41048 17
339.54124 33
339.57740 22
339.57928 47
339.74260 10
339.74568 56
339.89868 37
340.00696 34
340.01212 13
340.09868 54
340.22488 52
340.30088 59
340.32612 21
340.38548 6
340.45192 59
340.59108 9
340.69388 20
340.87132 21
340.95920 41
341.05116 59
341.21740 24
341.34576 54
341.43652 32
341.45352 57
341.54172 3
341.66080 36
341.76912 53
341.86208 11
342.00212 23
342.12144 5
342.26904 37
342.28628 7
342.42996 45
342.82912 0
342.89120 6
342.93252 35
343.02608 33
343.13704 2
343.20376 32
343.25548 36
343.26068 18
343.64916 15
343.70992 2
344.01304 55
344.02168 50
344.30332 9
344.47060 45
344.73708 57
344.84800 21
344.88216 59
344.94644 53
345.05040 43
345.06200 44
345.31480 1
345.35316 32
345.35856 51
345.36868 20
345.47956 51
345.78288 17
346.05076 58
346.50836 38
346.99160 2
347.82112 56
347.87892 54
347.91728 59
347.97608 33
348.22264 2
348.49208 7
348.74524 39
348.79324 17
348.85964 44
348.91692 50
348.93904 7
349.21880 21
349.22636 23
349.23040 31
349.37236 22
349.63104 16
349.75612 47
349.76064 44
349.86284 18
350.05440 13
350.09552 32
350.34596 16
350.59696 11
350.60108 21
350.70492 1
350.74468 44
350.78760 41
350.82348 11
350.90536 5
351.06148 53
351.13640 56
351.17940 17
351.22828 11
351.68504 50
351.84552 2
351.97792 57
352.11432 36
352.23660 31
352.24788 54
352.32740 12
352.40756 5
352.47728 19
352.52220 50
352.68704 39
352.80884 36
353.02984 46
353.40200 23
353.40472 39
354.04492 23
354.11216 44
354.16492 2
354.48724 46
354.57548 35
354.63572 5
354.74572 7
355.00288 41
355.13676 44
355.23540 49
356.09536 38
356.10240 12
356.26528 46
356.28572 49
356.31488 29
356.32232 35
356.32868 56
356.52744 8
356.76780 6
356.79696 6
356.85964 45
357.10208 48
357.15592 37
357.23144 55
357.30488 34
357.80752 15
357.93048 5
358.01888 53
358.20500 11
358.21812 39
358.25468 4
358.28300 40
358.31152 6
358.42416 44
358.54900 47
358.54956 17
358.74068 35
358.74688 18
358.80776 18
359.04448 48
359.11028 2
359.27940 38
359.41500 45
359.46660 19
359.76036 10
359.99332 42
360.08240 54
360.14144 55
360.14680 18
360.39576 5
360.49688 15
360.58588 15
360.63428 2
360.65356 51
360.86528 46
360.92616 55
360.97156 29
360.97200 29
361.06360 10
361.08796 51
361.37264 6
361.78548 11
361.85948 23
361.93152 58
361.94592 6
362.08392 36
362.24644 49
362.45376 16
362.55488 33
362.55984 42
362.58068 37
362.82264 31
362.94356 57
363.07684 15
363.23532 53
363.27400 4
363.39000 42
363.47540 41
363.54008 19
363.57844 41
363.60656 43
363.62992 21
363.65620 0
363.87072 45
363.87568 23
363.93552 47
364.15864 16
364.18208 43
364.21520 35
364.33444 41
364.67616 3
365.13420 59
365.39488 9
365.40576 10
365.40836 38
365.98104 5
365.98396 52
366.17460 8
366.51820 18
366.58772 47
366.60828 47
366.83432 43
367.02552 41
367.13020 40
367.21692 56
367.22652 31
367.38540 20
367.49432 31
367.61944 45
367.65804 23
367.77016 49
368.09780 31
368.12480 18
368.15632 29
368.18400 31
368.25892 43
368.38704 39
368.41384 59
368.45620 7
368.45936 56
368.59332 5
368.65160 57
368.69268 21
368.72108 32
368.84820 12
368.96196 15
369.03356 13
369.30844 9
369.32292 40
369.52316 4
369.53860 51
369.54404 31
369.75484 58
369.96976 4
369.97108 54
370.00824 12
370.18252 12
370.57600 18
370.60248 4
370.80224 42
370.99436 2
371.14404 13
371.19984 38
371.25308 40
371.38404 37
371.40392 11
371.47008 58
371.50720 39
371.65148 27
371.92612 2
372.48116 6
372.84768 4
373.13484 56
373.34380 16
373.41680 27
373.65388 53
373.72172 51
373.72624 7
373.78804 10
374.02172 46
374.16460 16
374.35884 58
374.38992 15
374.50168 56
374.54768 56
374.59228 51
374.72256 56
374.88440 6
374.89180 21
374.89984 20
374.91464 58
375.31564 40
375.41940 36
375.67064 36
376.17368 17
376.31440 59
377.03192 18
377.08600 59
377.13924 52
377.37952 24
377.40352 33
377.40776 58
377.40856 31
377.61864 33
377.89148 53
377.99848 36
378.07100 53
378.16436 10
378.51068 2
378.51400 15
378.67524 9
378.70676 34
378.83908 8
378.90768 35
378.98084 9
379.30136 3
379.66076 27
379.71944 18
379.90108 56
379.91384 4
380.25396 34
380.34028 2
380.51016 40
380.58104 57
380.82872 50
380.98780 1
381.09440 31
381.14324 22
381.15804 55
381.33620 47
381.55804 10
381.57396 39
381.62548 43
381.66308 24
381.87716 38
381.95888 17
382.41032 11
382.51004 57
382.51384 11
382.74328 21
382.81012 3
383.03880 10
383.04008 3
383.15896 23
383.17560 24
383.20064 42
383.77432 36
383.84776 5
384.06672 29
384.32860 19
384.42400 2
384.53064 34
384.63024 34
384.67452 40
384.96396 44
385.18616 48
385.20756 58
385.22296 59
385.90732 6
386.61584 56
386.71104 35
386.73584 36
387.05984 7
387.14036 3
387.20584 6
387.37524 35
387.58652 16
387.58984 7
387.80152 31
388.01136 49
388.02000 11
388.04184 52
388.23412 59
388.55864 9
388.64696 59
388.85528 12
388.87040 24
389.13268 33
389.20672 2
389.37824 59
389.39268 12
389.71596 22
389.89848 46
389.97152 6
390.12124 33
390.65732 5
390.95348 6
391.00884 17
391.34216 5
391.35424 56
391.49552 39
391.50452 48
391.57832 46
392.21332 53
392.32796 29
392.40756 4
392.48564 59
393.01864 22
393.07348 24
393.18348 55
393.22412 4
393.26852 5
393.38260 9
393.45976 22
393.59168 50
394.16580 29
394.65780 12
394.70828 10
394.86260 32
394.95088 16
395.06048 58
395.16420 49
395.29968 4
395.32168 17
395.33996 57
395.66376 18
395.71184 53
395.72548 55
395.85684 22
395.92172 6
396.03680 16
396.08344 35
396.08520 23
396.19180 19
396.44504 32
396.45256 8
396.51180 37
396.56316 40
396.59196 16
396.64984 38
396.81956 16
397.06452 4
397.21000 48
397.33764 31
397.44600 12
397.45408 58
397.53628 31
397.83808 16
397.96472 52
397.98496 15
398.01576 27
398.03984 9
398.30492 24
398.36584 42
398.79224 6
398.93880 43
399.02944 36
399.11392 20
399.11740 23
399.43112 38
399.50532 51
399.50880 4
399.55360 6
399.79888 58
400.31532 41
400.51840 35
400.54140 10
400.55196 3
400.58888 17
400.63172 5
400.63712 34
401.52476 24
401.63280 34
401.73772 37
402.05556 7
402.15320 59
402.28888 44
402.31972 16
402.32768 2
402.37728 56
402.56548 0
402.58844 54
402.81096 21
402.84544 56
403.14572 5
403.16752 33
403.35372 37
403.58412 53
403.67904 57
403.68548 51
403.82728 45
403.88608 2
403.90940 44
404.31236 27
404.38780 46
404.46268 31
404.53192 50
404.82008 21
404.92448 29
405.05280 33
405.16644 43
405.32460 55
405.55272 24
405.56712 19
405.56840 23
405.70852 32
405.81276 40
405.87488 57
405.87612 46
405.91804 31
406.13976 45
406.19780 26
406.49380 4
406.55084 7
406.85296 41
407.03988 23
407.07368 8
407.16708 55
407.91236 48
407.91804 17
407.97308 44
407.98520 9
408.07300 32
408.16720 43
408.22448 5
408.24712 56
408.30332 46
408.48216 34
408.48524 22
408.98832 18
409.26972 20
409.28252 0
409.34412 2
409.36144 29
409.51604 53
409.75660 40
409.76040 54
409.78104 20
409.94424 33
409.97472 4
410.00892 3
410.23160 15
410.57488 37
410.62004 24
410.89288 4
410.93648 11
411.08544 31
411.33348 57
411.49288 11
411.55112 53
411.55924 12
411.83912 12
411.89896 19
412.08664 19
412.12336 52
412.19084 43
412.20680 37
412.38152 38
412.41932 53
412.58716 12
412.72192 46
412.87348 17
413.17288 11
413.41980 15
413.49804 1
413.98020 6
414.04572 37
414.36300 12
414.49120 43
414.52960 23
414.57020 10
415.06904 56
415.07452 27
415.28748 34
415.37200 43
415.54508 17
415.72104 33
415.85512 47
415.94352 56
415.95044 27
416.04248 8
416.16096 52
416.18168 52
416.23120 37
416.38952 42
416.54232 58
417.04652 53
417.08028 8
417.14388 3
417.29244 44
417.55332 5
417.56428 35
417.67296 24
417.75256 12
417.76452 31
417.82952 24
418.05836 58
418.43028 51
418.52672 39
418.65604 1
418.80572 37
419.12484 52
419.25176 3
419.49576 15
419.84532 20
420.00856 52
420.07052 36
420.10764 5
420.21952 48
420.23928 43
420.74832 44
421.04896 7
421.13836 59
421.17948 55
421.22992 21
421.27420 42
421.41840 36
421.47016 50
421.62496 31
421.75500 41
421.91204 48
423.05552 20
423.09632 9
423.35752 32
423.42152 24
423.56160 36
423.96380 20
424.14280 41
424.16592 19
424.18624 34
424.25692 41
424.31944 45
424.33188 21
424.46608 34
424.65300 6
424.82636 16
424.98972 5
425.01628 18
425.01860 1
425.02252 10
425.08164 7
425.26204 33
425.26516 23
425.26540 57
425.30336 19
425.50496 36
425.94704 24
426.05180 56
426.41064 29
426.73496 20
426.77808 54
426.88972 56
427.00904 55
427.32644 51
427.62820 37
427.78180 48
428.44440 7
428.78164 15
428.78640 49
428.90580 7
429.04724 57
429.54852 6
429.66344 3
429.69568 34
429.88468 53
430.02772 23
430.14576 33
430.69160 36
430.89552 35
430.92804 1
431.25460 33
431.59940 43
431.60872 34
431.65516 51
431.87596 3
432.07044 10
432.16552 31
432.26764 47
432.29428 12
432.30324 27
432.38708 47
432.42272 29
432.52460 43
432.56312 12
432.65420 45
432.67804 19
433.01032 38
433.06492 22
433.12776 59
433.19888 13
433.38792 18
433.45612 23
433.52180 16
433.81796 5
434.01616 5
434.03048 57
434.18632 45
434.61184 53
434.71648 49
434.89692 53
434.99472 59
435.04184 15
435.16612 46
435.65704 36
435.70248 49
435.70644 11
435.83396 51
435.84296 51
435.86388 37
436.11512 15
436.39252 55
436.46748 44
436.69876 3
436.73808 42
436.82908 55
436.86668 57
437.21328 12
437.28144 57
437.34116 29
437.43032 15
437.68916 31
437.76432 40
437.80280 55
437.86240 1
438.03224 12
438.28240 31
438.36520 43
438.44260 46
438.46844 13
438.51884 53
438.64332 15
438.75108 5
438.75344 36
438.89400 45
438.96508 37
439.23056 10
439.25468 57
439.69872 17
439.74876 24
440.05672 36
440.10316 10
440.29080 42
440.33216 9
440.74000 52
440.96672 38
440.97424 17
441.31048 39
441.36760 11
441.42392 6
441.52596 9
441.66672 32
441.93440 42
441.93556 53
442.09256 2
442.20188 11
442.55760 34
442.79244 52
443.14460 2
443.22752 38
443.25628 17
443.26732 15
443.90028 57
444.00168 56
444.22168 3
444.27396 52
444.39296 31
444.43932 33
444.66012 55
444.82416 48
445.04912 52
445.15144 48
445.32500 52
445.39768 15
445.40260 46
445.46280 1
445.70968 42
446.07792 38
446.33984 7
446.36660 15
446.47168 44
446.57480 46
447.14672 34
447.27052 31
447.28680 3
447.34880 33
447.49812 55
447.52516 34
447.58272 57
447.62676 22
447.65836 0
447.72192 52
447.82332 52
448.03452 12
448.30872 3
448.33160 56
448.43728 50
448.53120 20
448.59240 29
448.60940 13
448.82576 34
449.06960 52
449.26172 9
449.48052 13
449.48824 32
449.60088 44
449.62964 3
449.66588 4
449.69044 11
449.83524 58
450.09452 31
450.24940 46
450.29872 56
450.69112 48
450.78244 50
450.79128 16
450.97044 41
451.53596 27
451.65628 8
451.74088 38
451.95840 18
452.17656 44
452.28512 53
452.52004 9
452.69972 21
452.73264 51
452.90824 12
452.99532 54
453.07848 1
453.10364 46
453.17600 51
453.35936 57
453.62996 8
453.81472 5
454.14524 27
454.15892 6
454.29280 33
454.29756 0
454.30328 11
454.45480 16
454.46368 7
454.56388 7
454.83112 35
454.94596 47
455.04064 35
455.15228 33
455.31476 41
455.32912 13
455.34904 13
455.48876 15
455.93520 31
456.02864 50
456.10428 37
456.27912 5
456.39128 3
456.97780 42
457.01240 22
457.19212 42
457.28004 56
457.40700 31
457.54464 48
457.63200 55
457.65676 47
457.72416 22
458.05012 21
458.09088 35
458.29268 51
458.38304 23
458.45288 24
458.53852 1
458.75164 39
458.90328 59
459.12392 5
459.14208 23
459.16560 7
459.61312 31
459.89760 58
459.91780 20
459.94948 3
460.00440 15
460.04688 52
460.26308 18
460.26752 54
460.32356 39
460.33548 45
460.90036 7
461.13156 42
461.40516 29
461.54892 40
462.15904 45
462.23136 23
462.32720 13
462.38844 29
462.51468 4
462.52828 56
462.78328 0
462.79520 59
462.91724 39
462.94916 44
462.98464 29
463.25564 50
463.37068 40
463.50588 11
463.58196 48
463.59132 1
463.72820 57
463.78056 58
463.91004 35
464.13632 32
464.15984 29
464.18484 57
464.44872 15
464.84480 23
464.92476 38
465.05440 56
465.24844 54
465.32788 56
465.48924 23
465.54720 6
465.63412 12
465.71840 37
465.84792 36
466.04240 52
466.04288 15
466.12276 56
466.44472 44
466.47908 23
466.65036 8
466.83760 6
466.95048 47
466.96240 15
467.05100 16
467.19004 15
467.70892 29
467.87284 13
468.07740 39
468.27640 56
468.44076 19
469.00460 10
469.02476 0
469.13176 44
469.31804 1
469.80064 0
470.00060 33
470.54556 11
470.59680 57
470.70524 49
470.81332 44
470.81552 17
471.12780 35
471.23540 20
471.76992 12
472.30100 13
472.47624 33
472.90712 15
472.97228 56
473.17892 6
473.21644 15
473.38812 35
473.42688 51
473.47700 2
473.69640 50
474.03672 55
474.08588 22
474.20492 54
474.54524 37
474.64012 27
474.69756 44
474.90236 45
474.97120 45
475.00428 57
475.11884 3
475.15584 17
475.16664 3
475.22676 32
475.40028 31
475.42832 23
475.52136 18
475.67212 37
476.07180 43
476.17316 2
476.27284 13
476.63240 46
476.81572 42
476.98664 35
477.57508 54
477.59900 32
477.87948 56
478.08932 27
478.15492 3
478.24016 18
478.86072 36
478.90408 4
478.97964 10
479.18328 57
479.24548 34
479.45272 45
479.46320 45
479.47728 19
479.67088 46
479.72648 40
479.85584 21
479.98072 42
479.98820 46
480.34624 13
480.49692 23
480.76460 1
480.78004 50
480.90188 12
480.90608 53
480.96636 31
481.09844 0
481.16700 45
481.22252 12
481.38196 33
481.51580 16
481.96424 49
482.08916 51
482.27836 11
482.35204 2
482.42676 19
482.52108 22
482.76204 48
482.81916 4
483.02204 21
483.04812 49
483.21472 3
483.30912 31
483.55572 4
483.67824 11
483.85412 44
483.90580 3
484.51108 37
484.52396 39
485.16000 17
485.49384 35
485.53544 53
485.72072 41
485.84752 55
485.85800 47
486.10840 48
486.15704 34
486.21992 18
486.29160 56
486.36824 18
486.40028 36
486.43052 42
486.97388 3
487.02408 59
487.25188 36
487.27076 48
487.28956 42
487.48628 45
487.64312 33
487.70600 10
488.07616 7
488.22176 57
488.26224 2
488.40920 8
488.56996 3
488.61300 5
488.67792 13
488.83048 4
489.34584 33
489.37920 18
489.56924 35
489.82888 44
489.88244 54
490.03904 20
490.09540 42
490.25924 52
490.37000 34
490.56024 46
490.76504 55
490.87512 50
491.01788 20
491.68996 47
491.93636 53
492.30844 49
492.32816 43
492.34268 33
492.38748 1
492.46644 34
492.60936 12
492.78140 17
493.00900 43
493.61312 13
493.72364 12
493.88112 11
493.94908 31
493.97708 59
494.02296 39
494.09100 56
494.11256 19
494.45484 38
494.50840 2
494.56244 34
494.69128 4
494.70044 54
494.85368 42
494.89500 12
495.09836 59
495.47012 0
495.66836 39
495.87072 54
495.90784 57
496.01476 32
496.25484 10
496.25896 49
496.29156 35
496.30272 48
496.59976 6
496.91600 7
496.98524 35
497.09944 47
497.30112 27
497.44012 57
497.64536 19
498.20012 27
498.24656 0
498.61532 24
498.65032 19
498.70560 36
498.73160 51
498.73228 3
498.78704 13
499.19212 4
499.45808 10
499.48460 54
499.71740 15
499.71832 58
499.78720 56
500.30388 53
500.53612 46
500.54048 13
500.56168 8
500.97028 57
500.99704 58
501.03092 57
501.45876 16
501.65388 22
501.80864 39
501.96224 0
502.10832 9
502.16264 2
502.29360 17
502.32016 16
502.32136 44
502.39356 36
502.75260 6
502.83120 12
503.04692 53
503.06388 57
503.07000 23
503.22100 51
503.31396 31
503.89004 38
504.10040 27
504.14536 7
504.15824 55
504.17964 23
504.21820 31
504.37440 4
504.50848 21
504.54072 7
504.82088 3
505.33608 59
505.33764 22
505.51848 29
505.72816 13
505.76324 16
505.84100 35
505.90216 3
505.90728 6
505.99640 59
506.13864 23
506.20944 27
506.48876 53
506.57996 2
506.68396 17
506.72984 15
506.78972 39
507.02940 56
507.12124 50
507.13076 47
507.22268 37
507.47380 59
507.67584 13
507.75116 19
508.06888 17
508.20420 15
508.37928 23
508.43560 5
508.91280 54
509.05440 37
509.24348 32
509.45568 23
509.62672 52
509.68416 6
509.88580 59
509.89404 53
509.94884 22
510.14028 43
510.44924 44
510.45552 17
510.46220 40
510.89196 22
510.94668 52
511.06516 36
511.20620 12
511.25228 55
511.29856 27
511.35360 42
511.57736 41
511.64608 19
511.73216 27
511.93320 54
511.96960 16
511.98232 57
512.16276 52
512.50468 41
512.54004 2
512.67904 8
512.97440 20
513.20756 33
513.32080 51
513.40988 19
513.59052 34
513.66652 32
513.75188 24
513.82108 54
513.84360 4
513.93848 56
514.08852 46
514.09064 4
514.36240 36
514.36716 59
514.43760 22
514.46404 10
514.85364 47
515.02728 55
515.18140 56
515.22304 33
515.22824 7
515.27752 38
515.68656 8
515.78980 51
515.81108 49
515.83628 9
515.93440 36
516.15344 34
516.22148 41
516.40416 59
516.50716 4
516.51204 18
516.76976 23
516.91052 6
517.00932 6
517.11512 19
517.12856 17
517.14748 51
517.18600 4
517.29752 22
517.39220 35
517.43224 56
517.80864 55
518.55300 1
518.60324 43
518.69788 21
518.89408 13
518.94076 6
519.17100 16
519.38728 37
519.39208 59
519.49368 13
519.61940 42
519.68776 50
519.75084 9
519.81344 22
519.89324 0
520.04348 19
520.35736 58
520.68832 34
520.77400 51
520.82840 57
520.94840 33
520.96860 3
521.02980 27
521.09092 44
521.18400 6
521.64372 31
522.19012 47
522.29356 19
522.51464 31
522.62236 45
522.71364 56
522.82212 43
523.22484 38
523.27416 50
523.69272 36
523.76656 18
523.84392 44
524.34284 6
524.42728 45
524.62228 2
524.73952 18
524.81452 42
525.27904 36
525.30344 50
525.49236 50
525.63612 5
525.64284 2
525.64984 3
525.74768 42
525.78256 13
525.81732 47
525.92572 42
525.98212 40
526.05220 44
526.14308 32
526.38944 35
526.43868 20
526.48592 32
526.50356 24
526.64004 24
526.64248 19
526.74388 10
526.89508 54
527.10048 19
527.17276 54
527.25668 7
527.26188 13
527.29236 41
527.64856 38
528.02356 11
528.46380 39
528.63264 5
528.78636 33
528.83872 16
529.01100 8
529.22756 0
529.26896 21
529.67156 9
529.87528 24
530.19080 13
530.31468 20
530.36388 44
530.47652 12
530.50264 42
530.54208 52
530.75524 48
530.97280 33
531.16696 32
531.22868 20
531.44400 56
531.61136 6
531.66796 49
531.96860 51
532.09600 0
532.21420 20
532.33804 45
532.34072 3
532.34788 19
532.43300 16
532.54292 39
532.70856 10
532.71972 15
532.93764 18
533.50588 38
533.67468 15
533.79504 20
533.80228 32
534.09508 33
534.14532 47
534.24992 18
534.77720 34
534.83104 47
535.11796 15
535.15652 8
535.65672 17
535.68000 58
535.76312 22
535.92248 27
535.92708 56
535.94908 52
535.96748 33
535.99076 22
536.32264 0
536.58744 19
536.92140 38
537.01860 15
537.14732 42
537.29432 21
537.40124 29
537.90668 1
537.93380 7
538.17824 19
538.25916 42
538.26700 47
538.62092 24
538.63452 48
538.68936 40
538.92248 40
538.94872 10
539.45108 57
539.57100 38
539.62068 1
539.80020 42
539.88308 57
539.90940 43
539.92972 2
540.60084 24
540.64796 31
540.67520 59
540.79572 2
540.91332 3
541.16688 19
541.25192 20
541.30672 57
541.34628 10
541.38744 40
541.81584 7
541.85072 41
542.12548 19
542.15588 18
542.21340 15
542.65416 54
542.74836 45
542.83684 41
542.92504 55
543.25004 6
543.37544 43
543.89988 45
543.93364 31
544.02348 24
544.09136 57
544.20144 32
544.58028 42
544.64364 18
544.81728 20
544.96188 7
544.99108 5
545.47456 0
545.53696 4
546.11152 48
546.12640 47
546.20020 15
546.28984 23
546.43748 7
546.48344 58
546.52772 8
546.62528 5
546.62840 44
546.68644 34
546.75136 37
546.81116 15
546.98940 20
547.30192 12
547.30948 17
547.31288 1
547.41492 22
547.49888 54
548.00272 8
548.34544 31
548.34744 56
548.39724 31
548.51456 51
548.71736 57
548.75368 52
549.12680 44
549.13828 58
549.65348 13
550.02616 58
550.15136 48
550.20720 19
550.30232 56
550.37164 0
550.43296 54
550.46880 15
550.54776 3
550.64536 57
550.72688 24
550.78068 13
550.90620 19
551.06196 9
551.27968 58
551.28748 34
551.43360 47
551.47696 6
551.55320 31
552.24384 56
552.32788 1
552.37404 21
552.62960 23
552.68668 38
552.74600 23
552.88072 21
552.94924 42
552.95036 42
553.00228 34
553.10280 17
553.22968 54
553.27728 38
553.46628 44
553.53904 51
553.72916 16
553.85272 24
554.11320 50
554.18480 6
554.36432 10
554.50528 38
554.69808 32
554.71884 49
554.94924 31
555.05952 42
555.22784 38
555.44932 2
555.45064 47
555.67168 33
555.86812 35
556.01712 54
556.23888 47
556.33392 55
556.42708 29
556.61716 27
556.70528 56
556.76416 40
556.85108 48
556.97352 13
557.31080 11
557.70572 6
557.78444 43
557.90784 52
557.92888 41
558.08492 11
558.32448 38
558.49248 33
558.55368 58
558.56052 58
558.68868 44
558.73212 2
558.83088 50
558.87300 31
558.89856 8
559.01996 15
559.52240 31
559.65476 5
559.65584 44
559.76908 7
560.11872 51
560.30120 7
560.38416 2
560.81548 0
560.94524 32
561.15240 53
561.20336 18
561.27612 24
561.31884 52
561.58684 46
561.64880 48
561.64992 38
561.79076 45
561.87056 2
562.24068 16
562.52240 15
563.18472 33
563.37076 4
563.68388 40
563.89092 11
563.92244 21
564.00560 2
564.38844 1
564.40524 22
564.45868 4
564.59924 0
564.66824 52
564.69908 59
564.91000 0
565.30900 0
565.34560 32
565.72252 57
565.84768 8
565.92728 38
565.99920 37
566.20448 2
566.26724 9
566.43188 3
566.77944 19
566.80472 6
567.01332 55
567.09080 40
567.23904 16
567.39924 7
567.56228 16
567.61140 51
567.65352 42
568.01764 56
568.03284 0
568.07800 59
568.10748 35
568.28584 39
568.31772 51
568.35084 59
568.44628 47
568.50872 12
568.51176 34
568.70472 57
568.97568 8
569.12956 8
569.19676 31
569.30916 49
569.31344 11
569.51772 48
569.71004 34
569.74504 59
569.75076 3
569.75088 49
569.75900 37
569.88292 59
570.00740 17
570.03352 55
570.09896 6
570.15952 7
570.29992 47
570.35844 55
570.39760 10
570.40152 47
570.48400 40
570.76248 10
570.80636 33
570.88344 15
570.94196 53
571.20276 11
571.28436 34
571.30320 31
571.33392 55
571.73184 32
571.87928 33
571.89144 35
572.13372 23
572.20276 7
572.30316 3
572.31148 40
572.50668 40
572.57652 29
572.58572 48
572.99880 34
573.15236 29
573.15496 13
573.25588 59
573.47104 23
573.47652 11
573.58240 8
573.72816 52
573.95120 37
574.06296 27
574.19336 6
574.43348 9
574.49584 34
574.66760 15
575.25192 13
575.26760 12
575.57796 22
575.86104 55
576.01916 0
576.22520 43
576.26304 58
576.57844 29
576.76392 15
577.12508 12
577.14680 44
577.31016 13
577.57436 45
577.60652 21
577.69440 27
577.69504 42
577.78496 54
578.02560 48
578.07256 5
578.19252 39
578.22388 5
578.26624 37
578.62340 33
578.90288 13
579.35888 37
579.51736 42
579.53064 55
579.93136 46
580.32416 40
580.35696 53
580.45536 52
580.96064 23
581.27760 36
581.29656 41
581.34596 48
581.41512 56
581.68288 27
581.85072 39
582.20700 21
582.21488 52
582.28284 47
582.37432 41
582.75808 56
583.23428 31
583.40812 19
583.49160 8
583.60792 49
583.61248 24
583.62756 31
583.63576 48
583.73396 2
584.29736 46
584.30996 42
584.31944 18
584.67340 45
584.72892 54
584.75160 33
585.01864 56
585.16704 2
585.20200 13
585.42128 38
585.53056 18
585.53508 58
585.76508 27
585.77200 4
585.95160 23
586.08512 49
586.40740 23
586.92804 53
587.02008 21
587.02400 34
587.04544 40
587.15304 39
587.24756 27
587.45096 24
587.66564 1
587.70324 23
587.99656 58
588.00768 6
588.40816 33
588.52192 41
588.89592 13
588.92700 11
588.95520 11
588.96064 9
589.29272 20
589.62768 44
589.65368 50
589.66352 54
590.13428 20
590.45380 13
590.57844 59
590.63716 32
590.63992 16
591.02528 57
591.19336 38
591.28088 40
591.56228 34
591.80964 15
591.87860 35
591.91184 8
592.17164 10
592.28380 20
592.36032 2
592.57380 2
593.13832 33
593.40000 39
593.85140 39
594.27784 49
594.70516 53
594.78548 9
594.98140 54
595.10264 5
595.21108 29
595.45356 56
595.53784 41
595.93396 39
596.17112 53
596.20508 45
596.29356 22
596.34404 6
596.68988 45
597.74604 32
597.92384 9
598.03356 49
598.08972 13
598.26004 40
598.31220 15
598.63664 9
598.81216 24
598.84372 12
599.33412 21
599.80880 53
600.10424 48
600.16472 29
600.42556 12
600.48396 3
600.49636 46
600.55640 52
600.58384 52
600.62960 8
600.79132 16
600.85808 54
600.87356 45
600.93304 55
601.16424 36
601.21916 37
601.33220 10
601.35228 51
601.58804 52
601.80616 17
601.86884 45
601.91832 24
601.98096 32
602.28456 7
602.51700 39
602.68356 57
602.75656 6
602.78152 54
602.82088 20
602.82712 45
602.87684 37
602.93824 49
603.23384 56
603.54704 24
603.59416 49
603.60044 58
603.76808 8
603.79564 3
604.09196 59
604.09588 33
604.30128 37
604.77300 23
604.77756 46
604.91792 59
604.92964 41
605.00664 54
605.09616 48
605.13552 32
605.47908 2
605.48876 34
605.58648 20
605.68204 46
605.74012 53
605.87084 19
605.94884 5
605.97828 52
606.09988 10
606.11136 42
606.11604 33
606.36420 32
606.56664 27
606.83504 27
606.91716 27
606.94904 35
607.14012 40
607.28556 54
607.47308 19
607.51972 37
607.87700 36
607.95520 27
607.96296 54
607.97388 22
608.26720 48
608.38168 53
608.39596 1
608.61140 53
609.00128 34
609.01340 36
609.52484 40
609.70416 29
610.40060 18
610.57360 10
610.59512 4
610.71856 10
610.78296 12
610.84276 22
610.91292 36
611.00272 22
611.08872 17
611.77508 29
611.78736 46
611.97388 7
612.45964 21
612.88852 22
613.12304 32
613.19152 37
613.39400 42
613.51468 13
613.55000 40
613.64160 41
613.64808 41
613.72520 54
613.80572 52
614.20980 10
614.22844 45
614.47212 59
614.49968 48
614.54976 47
614.56516 10
614.59504 41
614.83856 3
615.11036 52
615.11380 41
615.19896 16
615.51720 52
615.56292 29
615.64244 22
615.73572 37
615.84028 53
615.95952 40
616.04056 36
616.07164 27
616.12500 11
616.21696 51
616.28136 50
616.63084 47
616.77268 24
617.04084 49
617.31856 47
617.55852 18
617.56896 19
617.72788 42
617.73144 38
617.76136 41
617.89796 10
617.98956 18
618.04172 52
618.21408 5
618.23400 38
618.64232 46
618.66648 22
619.89112 29
620.09332 15
620.17856 46
620.31468 33
620.59184 49
620.71588 35
620.75608 58
620.88556 24
621.11156 40
621.17932 35
621.24672 51
621.32696 21
621.41980 9
621.49012 34
621.80272 32
621.90408 56
621.91972 1
622.07200 21
622.15092 56
622.26736 21
622.36872 51
622.40968 41
622.44860 36
622.49740 10
622.75800 13
622.96252 56
623.02788 0
623.03032 43
623.04800 2
623.27192 8
623.28564 32
623.46188 27
623.47552 53
623.58628 33
623.58812 8
623.62700 53
623.65096 6
623.66660 18
623.67396 22
624.07132 31
624.47976 48
624.85852 7
624.97556 50
625.15200 22
625.18164 56
625.19704 8
625.77824 7
625.79580 23
625.88412 7
626.07348 53
626.17636 54
626.27028 4
626.40036 8
626.41220 10
626.41604 13
626.64608 13
626.72372 19
626.84532 3
626.87656 23
626.93256 45
627.14148 6
627.25248 47
627.89148 7
627.91724 43
628.23872 43
628.33096 57
628.34068 54
628.39316 59
628.47452 21
628.58992 41
628.86776 3
629.41780 58
629.43796 11
629.59604 17
629.85228 27
630.12544 46
630.13176 6
630.20724 43
630.32956 36
630.68564 15
630.83184 18
630.92088 6
631.06740 57
631.06892 33
631.16228 46
631.62964 34
631.66792 44
631.81384 5
631.83436 3
632.11440 53
632.11812 32
632.27108 4
632.27528 59
632.36140 44
632.60540 41
632.61656 5
632.70048 53
632.87232 54
632.88336 32
632.89296 42
633.26684 45
633.45724 11
633.64216 2
633.72356 13
633.93140 23
633.96580 34
634.06988 46
634.09304 12
634.14348 21
634.44344 44
634.56704 9
634.75316 12
634.89452 12
634.92776 13
635.37536 1
635.63492 53
635.70508 22
635.81960 2
635.84240 37
635.96008 23
636.03024 2
636.05876 57
636.09560 22
636.11428 18
636.34584 1
636.69224 51
636.70876 53
636.73284 42
636.75452 50
636.82004 39
636.99696 32
637.35684 19
637.64424 11
637.78568 0
637.81932 48
637.91012 24
638.18096 15
638.61660 9
639.26220 46
639.27736 31
639.39224 56
639.43240 37
639.56808 13
639.62332 7
639.64324 51
639.68932 4
639.83328 48
639.88944 51
639.96800 43
640.04984 58
640.14704 8
640.21480 1
640.58348 47
640.86448 3
641.00632 32
641.19028 50
641.20328 43
641.45856 21
641.56064 42
641.59656 34
641.67276 41
641.86940 51
642.06956 41
642.20648 27
642.39260 44
642.57176 42
642.64992 47
642.68724 59
642.74360 1
642.78116 21
642.94188 16
642.96228 5
643.69556 13
643.72852 38
643.79308 44
644.17004 45
644.49924 52
644.53696 1
644.64724 4
644.72916 48
644.98352 52
645.05572 59
645.12832 43
645.38964 27
645.64776 7
645.67436 9
646.11068 46
646.21624 29
646.82736 10
646.96460 50
647.01408 43
647.01504 7
647.17456 37
647.22344 21
647.84804 16
647.92348 57
647.94832 8
648.10936 43
648.12216 36
648.14820 2
648.44012 48
648.68016 38
648.72380 39
648.72408 11
648.76320 59
648.91548 29
648.94240 46
649.03040 44
649.49712 2
649.64264 48
650.11820 42
650.20548 0
650.26784 23
650.35740 45
650.42484 58
650.42792 17
650.54784 21
650.55984 7
650.74092 38
651.00700 23
651.06764 33
651.11572 10
651.39484 2
651.41912 19
651.69544 36
651.77580 38
651.78908 8
651.94456 46
652.18100 18
652.35972 13
652.54412 24
652.76880 8
653.06100 55
653.15516 56
653.26512 49
653.29252 19
653.30820 29
654.19560 11
654.32120 31
654.32712 45
654.82084 1
654.95284 23
655.10828 8
655.42364 33
655.48788 52
655.59176 49
655.76740 23
655.99608 34
656.00324 47
656.09080 55
656.20260 9
656.20568 16
656.58376 37
656.63540 43
656.77748 50
656.79424 56
656.80004 31
657.33932 45
657.56264 35
657.68652 16
657.69892 47
657.76192 17
657.76988 3
657.87388 1
657.87656 33
658.34388 17
658.92004 15
658.99168 12
659.05636 33
659.18916 8
659.32184 17
659.50032 53
659.64548 49
659.66504 46
659.93872 52
660.09040 53
660.30768 3
660.41424 41
660.47260 27
660.68288 16
660.73548 44
660.98988 54
661.02592 48
661.07616 53
661.11580 56
661.16352 59
661.19592 23
661.22228 8
661.38132 17
661.40140 12
661.64796 31
661.75280 38
661.93108 57
662.02192 12
662.08080 19
662.18668 36
662.23948 10
662.56608 49
662.71688 54
662.74448 55
662.76956 50
662.98232 16
662.98656 31
663.06592 47
663.35492 37
663.39120 49
663.62336 21
664.03548 44
664.07940 33
664.33912 27
664.40980 1
664.50896 17
664.60912 56
664.61272 56
664.71860 2
664.82548 48
664.95968 36
665.05300 59
665.05952 12
665.22192 41
665.34352 32
665.41524 1
665.48824 45
665.77676 10
665.78364 59
666.26476 13
666.45576 17
666.60516 7
666.67804 36
666.95552 8
667.00044 44
667.07436 24
667.25604 41
667.56316 41
667.76624 19
668.33556 20
668.45028 18
668.47572 18
668.67532 57
668.90332 36
669.22392 45
669.25804 48
669.27500 15
669.30928 24
669.31532 35
669.32448 34
669.34728 57
669.45188 43
669.87584 5
669.88536 15
670.18168 53
670.32036 50
670.32368 31
670.36008 42
670.38268 47
670.50388 23
670.64796 9
670.69396 57
671.41592 42
671.43768 48
671.57520 22
671.93276 35
672.03800 29
672.06420 39
672.09524 54
672.11476 39
672.24600 16
672.26780 32
672.54148 4
672.65612 3
672.74288 4
672.77656 40
672.83380 56
672.90912 18
673.28712 19
673.38864 29
673.51492 44
673.56920 46
673.95844 45
674.23340 45
674.31592 2
674.55836 3
674.59320 32
674.59704 37
674.87756 12
675.29972 16
676.34920 58
676.56912 23
676.64168 29
676.70320 50
676.79192 20
676.88652 59
676.97436 34
677.02772 2
677.12676 15
677.18832 16
677.19920 45
677.38088 41
677.44848 44
677.47116 12
677.48660 33
677.53192 24
677.96224 59
677.98520 39
678.00784 24
678.48144 51
678.51800 2
678.74788 19
678.76428 21
678.90112 9
679.31456 23
679.33236 11
679.42264 58
679.68548 37
679.71168 4
679.77304 58
680.11416 37
680.16040 34
680.31836 59
680.38108 43
680.40032 52
680.49092 36
680.53320 22
680.66820 9
680.83536 8
680.84068 12
680.86240 37
680.90596 2
681.00232 49
681.06764 1
681.09376 53
681.11148 33
681.41944 13
681.46944 42
681.74092 27
681.77176 49
681.91704 0
681.97812 50
681.99264 38
682.20452 18
682.24588 5
682.42576 0
682.56944 23
682.96876 51
683.41176 58
683.61828 51
683.64500 46
684.02884 41
684.12812 24
684.18860 44
684.23112 39
684.23504 29
684.33236 9
684.43752 2
684.49716 1
684.64392 45
684.78224 45
684.80288 8
684.83328 35
684.96944 6
685.01164 31
685.09540 36
685.10872 57
685.25804 57
685.47328 54
685.92992 57
686.22040 55
686.35628 41
686.41776 37
686.53752 23
686.58600 47
686.72860 29
687.00052 42
687.00140 32
687.03724 33
687.28956 22
687.35436 57
687.69476 31
688.19464 8
688.27000 29
688.27120 31
688.39624 11
688.55220 21
689.28412 11
689.55468 18
689.60308 43
689.78424 18
690.14456 51
690.63392 56
690.92128 47
691.10664 12
691.23240 26
691.27108 51
691.33732 55
691.48356 10
691.56424 52
691.94656 12
692.00036 12
692.07352 13
692.18312 43
692.92504 34
693.09048 27
693.38132 33
693.71748 35
693.75836 3
693.77760 44
693.93628 31
694.12004 34
694.27292 59
694.49104 48
694.49344 38
694.75480 47
694.80044 34
695.04364 0
695.04868 55
695.08744 35
695.10764 6
695.14708 36
695.15612 2
695.18528 20
695.20900 53
695.24772 19
695.28444 10
695.40568 8
695.41328 53
695.74636 41
695.74916 40
696.04372 54
696.20032 48
696.26908 58
696.41144 53
696.45720 41
696.49368 1
696.54392 53
696.69072 15
696.96428 46
697.29360 18
697.43008 3
697.57628 12
697.69352 32
697.79204 6
697.93940 27
698.45764 35
698.74476 6
698.75980 47
698.82108 48
699.64948 56
699.68508 22
699.69608 16
699.71820 5
700.14880 29
700.39256 42
700.40896 2
700.65604 37
700.70712 17
700.80816 20
700.88092 10
701.15204 45
701.36860 27
701.37972 43
701.61396 55
701.61992 59
701.69608 50
701.79152 48
702.04084 31
702.04588 44
702.05512 52
702.16980 52
702.44868 12
702.47284 0
702.48932 35
702.61336 58
702.97080 54
702.98528 48
703.10488 8
703.20376 59
703.43476 53
703.63864 18
703.76440 41
703.88460 9
704.12588 39
704.20720 31
704.27936 39
704.49940 58
704.51180 2
704.58636 15
704.62160 51
704.75644 54
704.88036 47
705.23704 1
705.45600 57
705.67940 17
705.81132 57
706.17152 16
706.23580 57
706.27476 32
706.36164 21
706.40512 42
706.50212 58
706.53976 34
706.87804 6
706.99440 27
707.22932 0
707.48896 41
707.62076 47
707.68208 21
707.74196 35
707.75876 59
707.91328 11
708.17832 13
708.18428 2
708.55384 12
708.56124 47
708.74980 5
708.80184 38
708.83684 3
709.44436 50
709.44600 45
709.92000 54
709.97680 59
710.00692 36
710.13496 11
710.15200 13
710.15284 34
710.17332 29
710.23880 15
710.30900 9
710.37520 9
710.43904 4
710.49204 42
710.56284 38
710.91192 39
711.19128 9
711.21544 4
711.38048 7
711.43412 1
711.58412 49
711.74472 44
711.78380 42
712.40268 13
712.54796 13
712.81420 8
713.15252 15
713.40448 50
713.50104 5
713.50584 21
713.57896 27
713.74480 41
713.75996 45
713.76056 47
713.86780 57
713.90828 49
714.07236 41
714.31024 27
714.31432 16
714.50348 18
714.57100 31
714.59244 15
714.67952 4
714.85124 54
714.89568 1
715.69256 33
716.00124 57
716.35040 12
716.48828 1
717.06736 3
717.30224 55
717.58516 5
717.60904 12
717.85012 31
717.90260 47
718.10392 41
718.16132 27
718.27796 2
718.47392 40
718.55108 36
718.84412 41
718.90440 13
718.99948 19
719.02828 49
719.15112 21
719.38524 49
719.53400 21
719.54460 4
719.60116 54
719.66424 9
719.92868 2
720.08536 16
720.14576 19
720.22792 57
720.24572 20
720.48144 17
720.58064 41
720.82464 36
720.90660 53
720.91132 48
720.91464 20
720.99764 34
721.10936 37
721.16376 21
721.21772 9
721.40312 47
721.43916 19
721.61088 13
721.77320 54
721.80148 58
722.04260 13
722.07748 27
722.38964 31
722.64780 36
722.80480 48
722.87888 24
723.03252 12
723.27812 44
723.44124 5
723.45860 9
723.89240 58
724.23500 24
724.43940 42
724.61188 13
725.00948 41
725.23980 4
725.49952 51
725.53056 33
725.66752 44
726.16372 42
726.29828 31
726.41232 4
726.50032 24
726.67072 12
726.74124 24
726.75896 52
727.16632 53
727.22328 57
727.49108 15
727.49732 54
727.71260 34
727.79308 27
727.90648 27
728.36708 53
728.59152 52
728.73200 45
728.80392 49
728.83948 58
728.97408 57
729.36780 23
729.39192 44
729.46212 51
729.58216 39
730.05120 45
730.14876 46
730.52872 7
730.80552 52
730.83708 19
731.08472 58
731.19832 38
731.37000 41
731.56608 54
731.63716 6
731.66084 17
731.92712 50
732.10208 55
732.12316 16
732.38180 31
732.83488 46
732.83996 12
732.91320 27
733.80740 8
734.02732 51
734.25804 34
734.26356 16
734.38428 54
734.50064 42
734.83244 12
735.46092 18
735.53596 20
735.75556 0
735.75996 46
735.80400 44
735.99852 35
736.09812 15
736.15716 54
736.23040 0
736.26896 58
736.38496 11
736.56312 33
736.57444 45
736.74972 2
736.84324 34
736.87464 37
737.24736 24
737.26772 4
737.49740 34
737.62356 27
737.95916 48
738.03956 19
738.18692 32
738.39436 59
738.81024 54
738.83904 47
739.01660 2
739.34592 57
739.39332 4
739.50676 52
739.82432 17
739.92612 7
740.02848 19
740.03248 20
740.21716 32
740.35904 35
740.39168 51
740.41444 57
740.63936 52
740.81004 48
740.86320 29
740.87544 58
740.89392 41
741.02652 50
741.16752 35
741.24196 10
741.35748 41
741.64456 31
741.68172 23
741.81408 34
742.18792 56
742.37684 37
742.47456 22
742.87244 10
742.87328 4
743.05164 12
743.39816 54
743.98836 27
744.29524 0
744.34616 18
744.64452 8
744.85148 53
745.05692 10
745.20272 59
745.29884 57
745.31736 1
745.37576 38
745.43096 40
745.48868 19
745.69392 29
745.84960 23
746.10936 58
746.28684 23
746.34520 23
746.65124 59
746.71204 51
746.76304 51
746.77080 50
746.82840 37
746.83040 17
747.21140 50
747.34152 27
747.39996 54
747.57948 3
747.74400 9
747.84384 46
747.87632 56
748.04964 23
748.36904 9
748.58264 6
748.69740 27
748.82620 22
748.99632 31
749.36488 19
749.78808 39
749.81240 8
749.81708 46
749.89592 1
749.91776 37
749.92228 32
750.15056 54
750.21364 4
750.23192 3
750.25140 0
750.28556 4
750.31612 39
750.41664 45
750.47004 48
750.47616 58
750.52924 5
750.63492 24
750.85396 55
750.91108 46
751.08056 11
751.09848 16
751.20576 2
751.22020 10
751.24328 46
751.37748 0
751.60624 54
751.72904 35
751.85076 18
752.07108 27
752.15692 16
752.55276 22
752.77228 37
753.05616 36
753.08732 3
753.21624 20
753.57056 31
753.71068 24
753.92088 19
753.92096 39
754.21736 31
754.28756 59
754.42228 51
754.51648 40
754.58656 46
754.81076 37
754.92808 4
755.21668 31
755.23460 53
755.43452 39
755.66336 38
755.73428 49
755.75824 39
756.84316 49
756.88740 47
756.95348 29
756.95856 18
757.15020 44
757.51960 35
757.86780 50
758.21292 43
758.22660 13
758.58752 33
758.61408 44
758.81412 29
759.07404 21
759.12524 11
759.19248 8
759.77252 20
760.23604 52
760.28012 52
760.76304 0
761.26316 43
761.35252 27
761.51600 22
761.72232 46
761.94096 34
761.98636 7
761.98972 55
762.16736 47
762.18520 53
762.36292 48
762.40716 12
762.47648 41
762.65856 55
762.88992 11
763.28148 54
763.43944 31
763.72556 57
763.82968 51
763.93304 21
763.94448 4
764.20460 13
764.22540 47
764.23556 56
764.29644 40
764.30544 12
764.35952 51
764.56592 56
764.62476 50
764.73548 47
764.92244 1
764.93116 31
765.11168 51
765.20532 48
765.33228 20
765.33948 1
765.65456 44
765.66200 53
765.73656 34
765.75720 16
766.10232 29
766.28216 52
766.33188 46
766.64848 42
766.67884 44
766.72232 22
766.95920 34
767.01320 50
767.26996 51
